// GAMEBOY PRINTER Packet Sniffer V2 (Brian Khuu 2020)
// Purpose: Sniff communication from real gameboy printer
// Note: Each byte is from each GBP packet is from the gameboy
//       except for the last two bytes which is from the printer
//------------------------------------------------------------------------------
// GAME: Hello Kitty no magical museum
// DATE: 2021-06-27
// AUTHOR: Raphaël BOICHOT
// NOTE: 
// 0 : INQY
88 33 0F 00 00 00 0F 00 81 00 
// 1 : INIT
88 33 01 00 00 00 01 00 81 00 
// 2 : INQY
88 33 0F 00 00 00 0F 00 81 00 
// 3 : DATA
88 33 04 00 80 02 00 00 00 00 00 00 00 00 00 00 00 00 00 00 00 00 00 00 00 00 00 00 00 00 00 00 00 00 00 00 00 00 00 00 00 00 00 00 00 00 00 00 00 00 00 00 00 00 00 00 00 00 00 00 00 00 00 00 00 00 00 00 00 00 00 00 00 00 00 00 00 00 00 00 00 00 00 00 00 00 00 00 00 00 00 00 00 00 00 00 00 00 00 00 00 00 00 00 00 00 00 00 00 00 00 00 00 00 00 00 00 00 00 00 00 00 00 00 00 00 00 00 00 00 00 00 00 00 00 00 00 00 00 00 00 00 00 00 00 00 00 00 00 00 00 00 00 00 00 00 00 00 00 00 00 00 00 00 00 00 00 00 00 00 00 00 00 00 00 00 00 00 00 00 00 00 00 00 00 00 00 00 00 00 00 00 00 00 00 00 00 00 00 00 00 00 00 00 00 00 00 00 00 00 00 00 00 00 00 00 00 00 00 00 00 00 00 00 00 00 00 00 00 00 00 00 00 00 00 00 00 00 00 00 00 00 00 00 00 00 00 00 00 00 00 00 00 00 00 00 00 00 00 00 00 00 00 00 00 00 00 00 00 00 00 00 00 00 00 00 00 00 00 00 00 00 00 00 00 00 00 00 00 00 00 00 00 00 00 00 00 00 00 00 00 00 00 00 00 00 00 00 00 00 00 00 00 00 00 00 00 00 00 00 00 00 00 00 00 00 00 00 00 00 00 00 00 00 00 00 00 00 00 00 00 00 00 00 00 00 00 00 00 00 00 00 00 00 00 00 00 00 00 00 00 00 00 00 00 00 00 00 00 00 00 00 00 00 00 00 00 00 00 00 00 00 00 00 00 00 00 00 00 00 00 00 00 00 00 00 00 00 00 00 00 00 00 00 00 00 00 00 00 00 00 00 00 00 00 00 00 00 00 00 00 00 00 00 00 00 00 00 3F 1F 7F 3F 71 60 E0 60 E0 C0 00 00 00 00 00 00 80 00 E0 C0 F8 F0 7E 3C 1F 0F 00 00 00 00 00 00 00 00 00 00 00 00 00 00 00 00 00 00 00 00 00 00 00 00 00 00 00 00 00 00 00 00 00 00 00 00 00 00 03 01 0F 07 1F 0F 1E 1F 3C 1F 00 00 00 00 00 00 F0 E0 FC F8 FE FE 1F FF 07 FF 00 00 00 00 00 00 00 00 01 00 07 03 1F 0F FE BC 00 00 00 00 0F 06 7F 3F FF FF F3 E1 81 00 00 00 00 00 00 00 00 00 80 00 C0 80 C0 C0 E0 C0 E0 E0 00 00 00 00 00 00 00 00 00 00 00 00 00 00 00 00 00 00 00 00 00 00 00 00 00 00 00 00 00 00 00 00 00 00 00 00 00 00 00 00 00 00 00 00 00 00 00 00 00 00 00 00 00 00 00 00 00 00 00 00 00 00 00 00 00 00 00 00 00 00 00 00 00 00 00 00 00 00 00 00 C0 20 81 00 
// 4 : INQY
88 33 0F 00 00 00 0F 00 81 00 
// 5 : DATA
88 33 04 00 80 02 00 00 00 00 00 00 00 00 00 00 00 00 00 00 00 00 00 00 00 00 00 00 00 00 00 00 00 00 00 00 00 00 00 00 00 00 00 00 00 00 00 00 00 00 00 00 00 00 00 00 00 00 00 00 00 00 00 00 00 00 00 00 00 00 00 00 00 00 00 00 00 00 00 00 00 00 00 00 00 00 01 00 01 01 01 01 03 01 03 03 03 03 03 03 03 03 C0 C0 C0 C0 C0 80 80 80 80 80 80 80 80 80 80 00 07 07 03 01 01 00 00 00 00 00 00 00 00 00 00 00 80 80 C0 C0 F0 E0 FF 7F 7F 3F 1F 0F 00 00 00 00 00 00 00 00 1F 0F FF FF FF FF F0 E0 00 00 00 00 3C 3F 7C 7F F8 FF F8 FF F8 FF 70 7F 70 7F 70 7F 03 FF 01 FF 01 FF 00 FF 00 FF 3C FF 7F FF 67 FF FC F8 F8 F0 F0 E0 E0 E0 E0 E0 E0 E0 FE FC FF FF 00 00 00 00 00 00 00 00 00 00 00 00 00 00 80 00 E0 E0 F0 60 70 70 70 70 70 30 38 30 38 38 38 38 00 00 00 00 00 00 00 00 00 00 00 00 00 00 00 00 00 00 00 00 00 00 00 00 00 00 00 00 00 00 00 00 00 00 00 00 00 00 00 00 00 00 00 00 00 00 00 00 00 00 00 00 00 00 00 00 00 00 00 00 00 00 00 00 00 00 00 00 00 00 00 00 00 00 00 00 00 00 00 00 00 00 00 00 00 00 00 00 00 00 00 00 00 00 00 00 00 00 00 00 00 00 00 00 00 00 00 00 00 00 00 00 00 00 00 00 00 00 00 00 00 00 00 00 00 00 00 00 00 00 00 00 00 00 00 00 00 00 00 00 00 00 00 00 00 00 00 00 00 00 00 00 00 00 00 00 00 00 00 00 07 03 07 07 07 07 07 07 07 07 07 07 07 07 07 07 00 00 00 00 00 00 00 00 38 18 F8 70 F0 E0 E0 C0 00 00 00 00 00 00 00 00 00 00 00 00 00 00 00 00 00 00 00 00 00 00 00 00 00 00 00 00 00 00 00 00 00 00 00 00 00 00 00 00 00 00 00 00 00 00 00 00 70 7F 70 7F 70 7F 70 7F 70 7F 78 7F 7F 3F 3F 3F 63 FF 77 FF 3E FF 1E FF 06 FF 0E FF FE FF FE FF FF FF 83 FF 00 FF 00 FF 00 FF 00 FF 00 FF 00 FF C0 80 FF FF FF FF FF FF E0 FF E0 FF F8 FF FC FF 38 38 F8 F8 F8 F8 FC F8 7C FC 1C FC 0C FC 0C FC 00 00 00 00 00 00 00 00 00 00 00 00 00 00 00 00 00 00 00 00 00 00 00 00 00 00 00 00 00 00 00 00 00 00 00 00 00 00 00 00 00 00 00 00 00 00 00 00 00 00 00 00 00 00 00 00 00 00 00 00 00 00 00 00 00 00 00 00 00 00 00 00 00 00 00 00 00 00 00 00 89 7A 81 00 
// 6 : INQY
88 33 0F 00 00 00 0F 00 81 00 
// 7 : DATA
88 33 04 00 80 02 00 00 00 00 00 00 00 00 00 00 00 00 00 00 00 00 00 00 00 00 00 00 00 00 00 00 00 00 00 00 00 00 00 00 00 00 00 00 00 00 00 00 00 00 00 00 00 00 00 00 00 00 00 00 00 00 00 00 00 00 00 00 00 00 00 00 00 00 00 00 00 00 00 00 00 00 00 00 00 00 07 03 0F 07 1F 0E 1E 1C 3C 18 38 38 78 30 70 60 C0 80 80 00 00 00 00 00 00 00 00 00 00 00 00 00 00 00 00 00 00 00 00 00 00 00 00 00 00 00 00 00 00 00 00 00 00 00 00 00 00 00 00 00 00 00 00 00 00 00 00 00 00 00 00 00 00 00 00 00 00 00 00 00 1F 0F 00 00 00 00 00 00 00 00 00 00 00 00 00 00 F7 E7 03 01 00 00 00 00 00 00 00 00 00 00 00 00 83 FF FF FF FF 7F 0E 0F 0E 0F 0E 0F 0F 07 07 07 CC FF DC FF F8 FF 78 FF 00 FF 00 FF 00 FF 01 FF 1C FC 1C FC 3C FC 3E FC 7E FE 7F FE EF E7 E7 C3 00 00 00 00 00 00 00 00 00 00 00 00 00 00 00 00 00 00 00 00 00 00 00 00 00 00 00 00 00 00 00 00 00 00 00 00 00 00 00 00 00 00 00 00 00 00 00 00 00 00 00 00 00 00 00 00 00 00 00 00 00 00 00 00 00 00 00 00 00 00 00 00 00 00 00 00 00 00 00 00 00 00 00 00 00 00 00 00 00 00 00 00 00 00 00 00 00 00 00 00 00 00 00 00 00 00 00 00 00 00 00 00 00 00 00 00 00 00 00 00 00 00 00 00 00 00 00 00 00 00 00 00 00 00 00 00 00 00 00 00 00 00 00 00 00 00 00 00 00 00 01 00 01 01 01 01 01 01 03 01 F0 60 E0 E0 E0 C0 E0 C0 C0 C0 C0 C0 C0 80 C0 80 00 00 00 00 00 00 00 00 00 00 00 00 00 00 00 00 00 00 00 00 00 00 00 00 00 00 00 00 00 00 00 00 00 00 00 00 00 00 00 00 00 00 00 00 00 00 00 00 00 00 00 00 00 00 00 00 00 00 00 00 00 00 00 00 00 00 00 00 00 00 00 00 00 00 00 00 00 00 00 00 00 00 00 00 00 00 00 00 00 00 00 00 00 00 00 00 07 03 03 03 01 00 00 00 00 00 00 00 00 00 00 00 83 FF C7 FF FE FE FC 78 00 00 00 00 00 00 00 00 C3 83 83 03 03 01 01 01 01 01 01 01 01 00 00 00 80 80 C0 80 C0 C0 C0 C0 C0 C0 E0 C0 E0 E0 E0 E0 00 00 00 00 00 00 00 00 00 00 00 00 00 00 00 00 00 00 00 00 00 00 00 00 00 00 00 00 00 00 00 00 00 00 00 00 00 00 00 00 00 00 00 00 00 00 00 00 00 00 00 00 00 00 00 00 00 00 00 00 00 00 00 00 19 43 81 00 
// 8 : INQY
88 33 0F 00 00 00 0F 00 81 00 
// 9 : DATA
88 33 04 00 80 02 00 00 00 00 00 00 00 00 00 00 00 00 00 00 00 00 00 00 00 00 00 00 00 00 00 00 00 00 00 00 00 00 00 00 00 00 00 00 00 00 00 00 00 00 00 00 00 00 00 00 00 00 00 00 00 00 00 00 00 00 00 00 00 00 03 03 03 03 03 03 03 03 03 03 03 03 03 03 03 03 80 80 80 80 80 80 80 80 80 80 80 80 80 80 80 80 00 00 00 00 00 00 00 00 00 00 00 00 00 00 00 00 00 00 00 00 00 00 00 00 00 00 00 00 00 00 70 20 00 00 00 00 00 00 00 00 00 00 00 00 00 00 00 00 00 00 00 00 00 00 00 00 00 00 00 00 00 00 00 00 00 00 00 00 00 00 00 00 00 00 00 00 00 00 00 00 00 00 00 00 00 00 00 00 00 00 00 00 00 00 00 00 00 00 00 00 00 00 00 00 00 00 00 00 00 00 07 02 00 00 00 00 00 00 00 00 00 00 00 00 00 00 00 00 00 00 00 00 00 00 00 00 00 00 00 00 00 00 1F 07 E0 E0 E0 E0 E0 E0 E0 E0 E0 E0 E0 E0 E0 E0 FE F8 00 00 00 00 00 00 00 00 00 00 00 00 00 00 00 00 00 00 00 00 00 00 00 00 00 00 00 00 00 00 00 00 00 00 00 00 00 00 00 00 00 00 00 00 00 00 00 00 00 00 00 00 00 00 00 00 00 00 00 00 00 00 00 00 00 00 00 00 00 00 00 00 00 00 00 00 00 00 00 00 00 00 00 00 00 00 00 00 00 00 00 00 00 00 00 00 00 00 00 00 00 00 00 00 00 00 00 00 00 00 00 00 00 00 00 00 00 00 01 00 07 07 07 03 00 00 00 00 03 03 03 03 1F 03 FF 7F FF E3 83 03 03 03 03 01 80 80 80 80 FC F0 FF FE E0 80 80 80 C0 80 C0 C0 00 00 00 00 00 00 00 00 00 00 00 00 00 00 00 00 F8 70 F8 F8 F8 F8 F8 F8 F8 F8 F8 70 70 20 00 00 00 00 00 00 00 00 00 00 00 00 00 00 00 00 00 00 00 00 00 00 00 00 00 00 00 00 00 00 00 00 00 00 00 00 00 00 00 00 00 00 00 00 00 00 00 00 00 00 00 00 00 00 00 00 00 00 00 00 00 00 00 00 00 00 0F 07 0F 0F 0F 0F 0F 0F 0F 0F 0F 07 07 02 00 00 80 00 80 80 80 80 80 80 80 80 80 00 00 00 00 00 FF 3F 00 00 00 00 00 00 00 00 00 00 01 00 3F 1F FF FF EF E3 E0 E0 E0 E0 E0 E0 E0 E0 E0 E0 E0 C0 E0 80 F8 F0 7C 1C 0C 00 00 00 00 00 00 00 00 00 00 00 00 00 00 00 00 00 00 00 00 00 00 00 00 00 00 00 00 00 00 00 00 00 00 00 00 00 00 00 00 00 00 00 00 00 00 00 00 00 00 00 00 00 00 00 00 00 71 4B 81 00 
// 10 : INQY
88 33 0F 00 00 00 0F 00 81 00 
// 11 : DATA
88 33 04 00 80 02 00 00 00 00 00 00 00 00 00 00 00 00 00 00 00 00 00 00 00 00 00 00 00 00 00 00 00 00 00 00 00 00 00 00 00 00 00 00 00 00 00 00 00 00 00 00 00 00 00 00 00 00 00 00 00 00 00 00 00 00 00 00 00 00 01 01 01 01 01 00 00 00 01 00 07 03 1F 1E 1C 18 C0 C0 E0 C0 E0 E0 FF EF FF FC F8 F0 B8 30 3C 18 00 00 00 00 00 00 00 00 00 00 00 00 00 00 00 00 00 00 00 00 00 00 00 00 00 00 00 00 00 00 00 00 00 00 00 00 00 00 00 00 00 00 00 00 00 00 00 00 07 07 0F 0C 0F 08 0F 0C 07 07 00 00 00 00 00 00 E0 E0 F0 30 F0 10 F0 30 E0 E0 00 00 00 00 00 00 00 00 00 00 00 00 00 00 00 00 00 00 00 00 00 00 00 00 00 00 00 00 00 00 00 00 00 00 00 00 00 00 00 00 00 00 00 00 00 00 00 00 00 00 00 00 00 00 0F 03 03 03 03 03 07 03 07 03 FF FF 3F 3F 0F 0F FC F8 FF FF CF 83 C0 80 80 80 80 00 C0 C0 F0 E0 00 00 00 00 00 00 00 00 00 00 00 00 00 00 00 00 00 00 00 00 00 00 00 00 00 00 00 00 00 00 00 00 00 00 00 00 00 00 00 00 00 00 00 00 00 00 00 00 00 00 00 00 00 00 00 00 00 00 00 00 00 00 00 00 00 00 00 00 00 00 00 00 00 00 00 00 00 00 00 00 00 00 00 00 00 00 00 00 00 00 00 00 00 00 00 00 00 00 00 00 00 00 00 00 00 00 00 00 00 00 00 00 00 00 00 00 00 00 00 00 00 00 00 00 00 00 00 00 00 00 00 00 00 00 00 00 00 00 00 00 00 00 00 00 1E 1C 0F 0F 07 03 03 03 07 07 1F 0F 3C 18 38 30 08 00 78 30 F0 E0 E0 C0 E0 C0 F8 F0 FF 7C 3F 1F 00 00 00 00 00 00 00 00 00 00 00 00 00 00 F0 C0 00 00 00 00 00 00 00 00 00 00 00 00 00 00 00 00 00 00 00 00 00 00 00 00 00 00 00 00 00 00 00 00 00 00 00 00 00 00 00 00 00 00 00 00 00 00 00 00 00 00 00 00 00 00 00 00 00 00 00 00 00 00 00 00 00 00 00 00 00 00 00 00 00 00 00 00 00 00 03 00 00 00 00 00 00 00 00 00 03 01 0F 07 3F 1F FE FC 1E 1C 3C 3C 78 78 F0 F0 E0 E0 C0 C0 80 00 00 00 FC 78 1E 0C 07 02 00 00 00 00 00 00 00 00 00 00 00 00 00 00 00 00 00 00 00 00 00 00 00 00 00 00 00 00 00 00 00 00 00 00 00 00 00 00 00 00 00 00 00 00 00 00 00 00 00 00 00 00 00 00 00 00 00 00 00 00 00 00 00 00 00 00 00 00 00 00 00 00 00 00 2C 3A 81 00 
// 12 : INQY
88 33 0F 00 00 00 0F 00 81 00 
// 13 : DATA
88 33 04 00 80 02 00 00 00 00 00 00 00 00 00 00 00 00 00 00 00 00 00 00 00 00 00 00 00 00 00 00 00 00 00 00 00 00 00 00 00 00 00 00 00 00 00 00 00 00 00 00 00 00 00 00 00 00 00 00 00 00 00 00 00 00 00 00 00 00 00 00 00 00 00 00 00 00 00 00 00 00 00 00 00 00 00 00 00 00 00 00 00 00 00 00 00 00 00 00 00 00 0F 07 00 00 00 00 00 00 00 00 01 00 07 03 0F 07 FF FF FF 7F 07 07 1F 0F 7E 3F FB FC FF F8 FF B8 C0 00 FF FF FF FF B7 CF FD 03 FE 01 FF 00 FF 00 00 00 FF FF FF FF 8F FC CF FC CF FC EF 7C EF 7C 00 00 FF FF FF FF FF 00 FF 00 FF 00 FF 00 FF 00 00 00 FF FF FF FF FB 0F FB 0F FD 0F FD 0F FD 0F FF 3F FF FF FE FC EF 9E B7 CF FB C7 FD C3 DB E7 F8 F0 C0 80 00 00 00 00 80 00 F0 E0 FC F8 FE DC 00 00 00 00 00 00 00 00 00 00 00 00 00 00 00 00 00 00 00 00 00 00 00 00 00 00 00 00 00 00 00 00 00 00 00 00 00 00 00 00 00 00 00 00 00 00 00 00 00 00 00 00 00 00 00 00 00 00 00 00 00 00 00 00 00 00 00 00 00 00 00 00 00 00 00 00 00 00 00 00 00 00 00 00 00 00 00 00 00 00 00 00 00 00 00 00 00 00 00 00 00 00 00 00 00 00 00 00 00 00 00 00 00 00 00 00 00 00 00 00 00 00 00 00 00 00 00 00 00 00 00 00 00 00 00 00 00 00 00 00 00 00 00 00 00 00 00 00 00 00 00 00 00 00 00 00 00 00 00 00 00 00 00 00 00 00 00 00 00 00 00 00 00 00 00 00 00 00 00 00 00 00 00 00 01 00 01 01 03 01 03 03 1F 0E 3C 18 78 30 F0 60 E0 C0 C0 80 80 00 00 00 3B 3C 1F 1C 1D 0E 0F 0E 0E 07 07 07 07 07 07 03 FF 00 FF 00 FF 00 FF 00 FE 01 FD 03 7B 87 EE 9F E7 7E E7 7E E7 FE C3 FF C3 FF 81 FF 00 FF 00 FF FF 00 FF 00 FF 00 FF 00 FF 00 FF 80 FF E0 7F FF FC 0F FC 0F FC 0F FC 0F FC 1F F8 1F F0 7F F0 FF F7 EF FE FC FC F8 78 F0 70 F0 70 F0 70 F0 70 F0 8E 0E 07 06 0F 07 0F 0F 0F 07 07 03 03 01 01 01 00 00 00 00 00 00 80 00 80 80 C0 80 C0 C0 C0 C0 00 00 00 00 00 00 00 00 00 00 00 00 00 00 00 00 00 00 00 00 00 00 00 00 00 00 00 00 00 00 00 00 00 00 00 00 00 00 00 00 00 00 00 00 00 00 00 00 00 00 00 00 00 00 00 00 00 00 00 00 00 00 00 00 00 00 00 00 00 00 00 00 00 00 00 00 00 00 00 00 6F 8C 81 00 
// 14 : INQY
88 33 0F 00 00 00 0F 00 81 00 
// 15 : DATA
88 33 04 00 80 02 00 00 00 00 00 00 00 00 00 00 00 00 00 00 00 00 00 00 00 00 00 00 00 00 00 00 00 00 00 00 00 00 00 00 00 00 00 00 00 00 00 00 00 00 00 00 00 00 00 00 00 00 00 00 00 00 00 00 00 00 00 00 00 00 00 00 00 00 00 00 00 00 00 00 00 00 00 00 00 00 03 03 03 03 03 03 03 01 01 01 03 01 07 03 07 07 00 00 00 00 80 00 80 80 C0 80 F1 E0 FD F9 FF FF 03 03 03 01 03 01 03 03 07 03 87 87 8F 87 DF 8F BC FF F0 FF E0 FF 80 FF 00 FF 00 FF 00 FF 80 FF 00 FF 00 FF 0F FF 19 F9 10 F0 10 F0 19 F9 0F FF 1F FF 00 FF 00 FF 80 FF 80 FF 80 FF 80 FF 00 FF C0 FF 00 FF 1E FF 33 F3 21 E1 21 E1 33 F3 1E FF 70 F0 70 F0 78 F0 3C F8 3E FC 3F FF 3F FF 37 F3 01 01 01 01 01 01 03 01 07 03 8F 07 FF FF FF FE C0 C0 C0 C0 C0 C0 C0 C0 C0 80 80 80 80 00 00 00 00 00 00 00 00 00 00 00 00 00 00 00 00 00 00 00 00 00 00 00 00 00 00 00 00 00 00 00 00 00 00 00 00 00 00 00 00 00 00 00 00 00 00 00 00 00 00 00 00 00 00 00 00 00 00 00 00 00 00 00 00 00 00 00 00 00 00 00 00 00 00 00 00 00 00 00 00 00 00 00 00 00 00 00 00 00 00 00 00 00 00 00 00 00 00 00 00 00 00 00 00 00 00 00 00 00 00 00 00 00 00 00 00 00 00 00 00 00 00 00 00 00 00 00 00 00 00 00 00 00 00 00 00 00 00 00 00 00 00 00 00 00 00 00 00 00 00 00 00 00 00 00 01 00 03 01 07 03 0F 07 06 07 06 07 06 07 7F 3F FF FF F0 FF 80 FF 38 FF 7F FF 61 E1 61 E1 FF FF FF FF 00 FF 00 FF 0E FF F9 FF 99 F9 99 F9 FF FF FF FF 07 FF 06 FF 0C FF 80 FF 80 FF 80 FF FE FF FF FF 83 FF 00 FF 00 FF 00 FF 00 FF 00 FF 00 FF 80 FF C0 FF C0 FF 60 FF 00 FF 00 FF 00 FF 00 FF 00 FF 00 FF 00 FF 00 FF 00 FF 00 FF 00 FF 00 FF 00 FF 00 FF 00 FF 00 FF 31 F0 30 F0 30 F0 30 F0 30 F0 30 F0 30 F0 30 F0 FC F8 00 00 00 00 00 00 00 00 00 00 00 00 00 00 00 00 00 00 00 00 00 00 00 00 00 00 00 00 00 00 00 00 00 00 00 00 00 00 00 00 00 00 00 00 00 00 00 00 00 00 00 00 00 00 00 00 00 00 00 00 00 00 00 00 00 00 00 00 00 00 00 00 00 00 00 00 00 00 00 00 00 00 00 00 00 00 00 00 00 00 00 00 00 00 00 00 00 00 00 00 00 00 00 00 00 00 00 00 00 00 CA 9B 81 00 
// 16 : INQY
88 33 0F 00 00 00 0F 00 81 00 
// 17 : DATA
88 33 04 00 80 02 00 00 00 00 00 00 00 00 00 00 00 00 00 00 00 00 00 00 00 00 00 00 00 00 00 00 00 00 00 00 00 00 00 00 00 00 00 00 00 00 00 00 00 00 00 00 00 00 00 00 00 00 00 00 00 00 00 00 00 00 00 00 00 00 0E 0F 1D 0F 1D 1F 3D 1F 3C 3F 38 3F 38 3F 38 3F 6C C7 C7 C7 01 01 83 01 82 83 92 93 FE FF 00 FF 1B F1 71 F1 40 C0 60 C0 20 E0 24 E4 3F FF 00 FF 0C FF DC FF 58 7F D8 7F B8 FF B8 FF B8 FF 38 FF 00 FF 00 FF 00 FF 00 FF 00 FF 00 FF 00 FF 00 FF 60 FF 70 FF 30 FF 30 FF 38 FF 38 FF 38 FF 38 FF 00 FF 00 FF 00 FF 00 FF 00 FF 00 FF 00 FF 00 FF 00 FF 00 FF 00 FF 00 FF 00 FF 00 FF E0 FF E0 FF 70 F0 70 F0 70 F0 F0 E0 E0 E0 E0 E0 E0 E0 E0 E0 00 00 00 00 00 00 00 00 00 00 00 00 00 00 00 00 00 00 00 00 00 00 00 00 00 00 00 00 00 00 00 00 00 00 00 00 00 00 00 00 00 00 00 00 00 00 00 00 00 00 00 00 00 00 00 00 00 00 00 00 00 00 00 00 00 00 00 00 00 00 00 00 00 00 00 00 00 00 00 00 00 00 00 00 00 00 00 00 00 00 00 00 00 00 00 00 00 00 00 00 00 00 00 00 00 00 00 00 00 00 00 00 00 00 00 00 00 00 00 00 00 00 00 00 00 00 00 00 00 00 00 00 00 00 00 00 00 00 00 00 00 00 00 00 00 00 00 00 00 00 00 00 00 00 00 00 00 00 00 00 00 00 00 00 00 00 00 00 00 00 00 00 00 00 00 00 38 3F 38 3F 3F 3F 3F 3F 1C 1F 1C 1F 1C 1F 1C 1F 00 FF 00 FF FF FF FF FF 00 C3 00 C3 00 C3 00 C3 00 FF 00 FF FF FF FF FF 00 C3 00 C3 00 C3 00 C3 38 FF 38 FF FF FF FF FF 38 FF 38 FF 38 FF 38 FF 00 FF 00 FF FF FF FF FF 00 FF 00 FF 00 FF 00 FF 38 FF 3F FF FF FF FC F8 78 F0 70 F0 70 F0 70 F0 00 FF FF FF FF FF 01 01 00 00 00 00 00 00 00 00 E0 FF FF FF FF FF E0 E0 F0 60 78 70 78 38 38 38 E0 E0 F0 E0 F8 F0 7C 38 1C 0C 0E 0C 0E 0E 0E 0E 00 00 00 00 00 00 00 00 00 00 00 00 00 00 00 00 00 00 00 00 00 00 00 00 00 00 00 00 00 00 00 00 00 00 00 00 00 00 00 00 00 00 00 00 00 00 00 00 00 00 00 00 00 00 00 00 00 00 00 00 00 00 00 00 00 00 00 00 00 00 00 00 00 00 00 00 00 00 00 00 00 00 00 00 00 00 00 00 00 00 00 00 00 00 00 00 00 00 00 00 00 00 00 00 00 00 00 00 00 00 00 00 3A 9D 81 00 
// 18 : INQY
88 33 0F 00 00 00 0F 00 81 00 
// 19 : DATA
88 33 04 00 80 02 00 00 00 00 00 00 00 00 00 00 00 00 00 00 00 00 00 00 00 00 00 00 00 00 00 00 00 00 00 00 00 00 00 00 00 00 00 00 00 00 00 00 00 00 00 00 00 00 00 00 00 00 00 00 00 00 00 00 00 00 00 00 00 00 1C 1F 1C 1F 1C 1F 1C 1F 1C 1F 1C 1F 1C 1F 1F 1F 00 C3 00 C3 00 C3 00 C3 00 C3 00 C3 00 C3 FF FF 00 C3 00 C3 00 C3 00 C3 00 C3 00 C3 00 C3 FF FF 38 FF 38 FF 38 FF 38 FF 38 FF 38 FF 38 FF FF FF 00 FF 00 FF 00 FF 00 FF 00 FF 00 FF 00 FF FF FF 70 F0 70 F0 70 F0 70 F0 70 F0 78 F8 7F FF FF FF 00 00 00 00 00 00 00 00 00 00 01 01 FF FF FF FF 38 38 38 38 78 38 78 78 F8 70 F0 F0 FF FF FF FF 0E 0E 0E 0E 0E 0E 0E 0E 1E 0C 7C 3C FC F8 F8 F0 00 00 00 00 00 00 00 00 00 00 00 00 00 00 00 00 00 00 00 00 00 00 00 00 00 00 00 00 00 00 00 00 00 00 00 00 00 00 00 00 00 00 00 00 00 00 00 00 00 00 00 00 00 00 00 00 00 00 00 00 00 00 00 00 00 00 00 00 00 00 00 00 00 00 00 00 00 00 00 00 00 00 00 00 00 00 00 00 00 00 00 00 00 00 00 00 00 00 00 00 00 00 00 00 00 00 00 00 00 00 00 00 00 00 00 00 00 00 00 00 00 00 00 00 00 00 00 00 00 00 00 00 00 00 00 00 00 00 00 00 00 00 00 00 00 00 00 00 00 00 00 00 00 00 00 00 00 00 00 00 00 00 00 00 00 00 00 00 00 00 00 00 00 00 00 00 1F 1F 00 00 00 00 00 00 00 00 00 00 00 00 00 00 FF FF 00 00 00 00 00 00 00 00 00 00 00 00 00 00 FF FF 00 00 00 00 00 00 00 00 00 00 00 00 00 00 FF FF 00 00 00 00 00 00 00 00 00 00 00 00 00 00 FF FF 00 00 00 00 00 00 00 00 00 00 00 00 00 00 FF FF 00 00 00 00 00 00 00 00 00 00 00 00 00 00 FF FF 00 00 00 00 00 00 00 00 00 00 00 00 00 00 FF FF 00 00 00 00 00 00 00 00 00 00 00 00 00 00 F0 E0 00 00 00 00 00 00 00 00 00 00 00 00 00 00 00 00 00 00 00 00 00 00 00 00 00 00 00 00 00 00 00 00 00 00 00 00 00 00 00 00 00 00 00 00 00 00 00 00 00 00 00 00 00 00 00 00 00 00 00 00 00 00 00 00 00 00 00 00 00 00 00 00 00 00 00 00 00 00 00 00 00 00 00 00 00 00 00 00 00 00 00 00 00 00 00 00 00 00 00 00 00 00 00 00 00 00 00 00 00 00 00 00 00 00 00 00 00 00 00 00 00 00 00 00 00 00 39 53 81 00 
// 20 : INQY
88 33 0F 00 00 00 0F 00 81 00 
// 21 : DATA
88 33 04 00 00 00 04 00 81 00 
// 22 : INQY
88 33 0F 00 00 00 0F 00 81 04 
// 23 : PRNT
88 33 02 00 04 00 01 10 E4 40 3B 01 81 04 
// 24 : INQY
88 33 0F 00 00 00 0F 00 81 00 
// 25 : INIT
88 33 01 00 00 00 01 00 81 00 
// 26 : INQY
88 33 0F 00 00 00 0F 00 81 00 
// 27 : DATA
88 33 04 00 80 02 24 24 24 24 FF FF 24 24 24 24 04 04 08 08 10 10 00 00 01 01 01 01 79 79 01 01 02 02 04 04 78 78 00 00 22 22 22 22 22 22 22 22 02 02 04 04 18 18 04 04 04 04 7F 7F 0C 0C 14 14 24 24 44 44 84 84 00 00 20 20 FE FE 10 10 FE FE 08 08 04 04 04 04 00 00 00 00 00 00 10 10 3E 3E 12 12 0C 0C 08 08 00 00 3E 3E 00 00 7F 7F 01 01 01 01 02 02 1C 1C 00 00 7C 7C 44 44 44 44 84 84 04 04 08 08 30 30 00 00 3E 3E 22 22 52 52 0A 0A 04 04 08 08 30 30 00 00 00 00 00 00 7E 7E 00 00 00 00 00 00 00 00 3C 3C 42 42 99 99 A1 A1 A1 A1 99 99 42 42 3C 3C 18 18 38 38 18 18 18 18 18 18 18 18 7E 7E 00 00 7C 7C C6 C6 C6 C6 7E 7E 06 06 0C 0C 78 78 00 00 7E 7E 46 46 0C 0C 18 18 30 30 30 30 30 30 00 00 3C 3C 60 60 C0 C0 FC FC C6 C6 C6 C6 7C 7C 00 00 00 00 00 00 00 00 00 00 60 60 60 60 20 20 40 40 18 18 38 38 18 18 18 18 18 18 18 18 7E 7E 00 00 7C 7C C6 C6 C6 C6 7E 7E 06 06 0C 0C 78 78 00 00 7C 7C C6 C6 C6 C6 7E 7E 06 06 0C 0C 78 78 00 00 7C 7C C6 C6 C6 C6 7E 7E 06 06 0C 0C 78 78 00 00 00 00 00 00 00 00 00 00 00 00 00 00 00 00 00 00 00 00 00 00 00 00 00 00 00 00 00 00 00 00 00 00 78 78 C4 C4 C0 C0 78 78 0C 0C 8C 8C 78 78 00 00 30 30 30 30 78 78 48 48 CC CC FC FC CC CC 00 00 66 66 66 66 76 76 7E 7E 6E 6E 66 66 66 66 00 00 3E 3E 31 31 31 31 3E 3E 34 34 32 32 31 31 00 00 18 18 18 18 18 18 18 18 18 18 18 18 18 18 00 00 3E 3E 63 63 63 63 63 63 63 63 63 63 3E 3E 00 00 00 00 00 00 00 00 00 00 00 00 00 00 00 00 00 00 3C 3C 66 66 60 60 60 60 60 60 66 66 3C 3C 00 00 3E 3E 63 63 63 63 63 63 63 63 63 63 3E 3E 00 00 00 00 00 00 00 00 00 00 00 00 60 60 60 60 00 00 00 00 00 00 00 00 00 00 60 60 60 60 20 20 40 40 60 60 60 60 60 60 60 60 60 60 60 60 7E 7E 00 00 7E 7E 18 18 18 18 18 18 18 18 18 18 18 18 00 00 78 78 6C 6C 66 66 66 66 66 66 6C 6C 78 78 00 00 00 00 00 00 00 00 00 00 00 00 60 60 60 60 00 00 00 00 00 00 00 00 00 00 00 00 00 00 00 00 00 00 00 00 00 00 00 00 00 00 00 00 00 00 00 00 00 00 00 00 00 00 00 00 00 00 00 00 00 00 00 00 00 00 B6 83 81 00 
// 28 : INQY
88 33 0F 00 00 00 0F 00 81 00 
// 29 : DATA
88 33 04 00 00 00 04 00 81 00 
// 30 : INQY
88 33 0F 00 00 00 0F 00 81 04 
// 31 : PRNT
88 33 02 00 04 00 01 13 E4 40 3E 01 81 04 
// 32 : INQY
88 33 0F 00 00 00 0F 00 81 00 
// 33 : INIT
88 33 01 00 00 00 01 00 81 00 
// 34 : INQY
88 33 0F 00 00 00 0F 00 81 00 
// 35 : DATA
88 33 04 00 80 02 00 00 00 00 00 00 00 00 00 00 00 00 00 00 00 00 00 00 00 00 00 00 00 00 00 00 00 00 00 00 00 00 00 00 00 00 00 00 00 00 00 00 00 00 00 00 00 00 00 00 00 00 00 00 00 00 00 00 00 00 00 00 00 00 00 00 00 00 00 00 00 00 00 00 00 00 00 00 00 00 00 00 00 00 00 00 00 00 00 00 00 00 00 00 00 00 00 00 00 00 00 00 00 00 00 00 00 00 00 00 00 00 00 00 00 00 00 00 00 00 00 00 00 00 00 00 00 00 00 00 00 00 00 00 00 00 00 00 00 00 00 00 00 00 00 00 00 00 00 00 00 00 00 00 00 00 00 00 00 00 00 00 00 00 00 00 00 00 00 00 00 00 00 00 00 00 00 00 00 00 00 00 00 00 00 00 00 00 00 00 00 00 00 00 00 00 00 00 00 00 00 00 00 00 00 00 00 00 00 00 00 00 00 00 00 00 00 00 00 00 00 00 00 00 00 00 00 00 00 00 00 00 00 00 00 00 00 00 00 00 00 00 00 00 00 00 00 00 00 00 00 00 00 00 00 00 00 00 00 00 00 00 00 00 00 00 00 00 00 00 00 00 00 00 00 00 00 00 00 00 00 00 00 00 00 00 00 00 00 00 00 00 00 00 00 00 00 00 00 00 00 00 00 00 00 00 00 00 00 00 00 00 00 00 00 00 00 00 00 00 00 00 00 00 00 00 00 00 00 00 00 00 00 00 00 00 00 00 00 00 00 00 00 00 00 00 00 00 00 00 00 00 00 00 00 00 00 00 00 00 00 00 00 00 00 00 00 00 00 00 00 00 00 00 00 00 00 00 00 00 00 00 00 00 00 00 00 00 00 00 00 00 00 00 00 00 00 00 00 00 00 00 00 00 00 00 00 00 00 00 00 00 00 00 00 00 00 00 00 00 00 00 00 00 00 00 00 00 00 00 00 00 00 00 00 00 00 00 00 00 00 00 00 00 00 00 00 00 00 00 00 00 00 00 00 00 00 00 00 00 00 00 00 00 00 00 00 00 00 00 00 00 00 00 00 00 00 00 00 00 00 00 00 00 00 00 00 00 00 00 00 00 00 00 00 00 00 00 00 00 00 00 00 00 00 00 00 00 00 00 00 00 00 00 00 00 00 00 00 00 00 00 00 00 00 00 00 00 00 00 00 00 00 00 00 00 00 00 00 00 00 00 00 00 00 00 00 00 00 00 00 00 00 00 00 00 00 00 00 00 00 00 00 00 00 00 00 00 00 00 00 00 00 00 00 00 00 00 00 00 00 00 00 00 00 00 00 00 00 00 00 00 00 00 00 00 00 00 00 00 00 00 00 00 00 00 00 00 00 00 00 00 00 00 00 00 00 00 00 00 00 00 00 00 00 00 00 00 00 00 00 00 00 00 00 00 00 00 00 00 86 00 81 00 
// 36 : INQY
88 33 0F 00 00 00 0F 00 81 00 
// 37 : DATA
88 33 04 00 80 02 00 00 00 00 00 00 00 00 00 00 00 00 00 00 00 00 00 00 00 00 00 00 00 00 00 00 00 00 00 00 00 00 00 00 00 00 00 00 00 00 00 00 00 00 00 00 00 00 00 00 00 00 00 00 00 00 00 00 00 00 00 00 00 00 00 00 00 00 00 00 00 00 00 00 00 00 00 00 00 00 00 00 00 00 00 00 00 00 00 00 00 00 00 00 00 00 00 00 00 00 00 00 00 00 00 00 00 00 00 00 00 00 00 00 00 00 07 0F 0F 1F 1C 3C 38 38 70 70 60 70 00 00 00 00 80 C0 E0 F0 78 FC 1C 3E 06 0F 03 07 00 00 00 00 00 00 00 00 00 00 00 00 00 00 01 C7 00 00 01 01 03 03 07 07 06 0F 0C 0F 0C 1F F8 FF 70 F8 FC FC 8E FE 07 FF 03 FF 01 FF 01 FF 00 FF 00 01 03 07 0F 1F 7C 3C F0 F8 E0 E0 C0 C0 C0 E0 F8 F0 F8 F8 18 9C 0C 0C 0C 0E 06 0E 07 06 06 07 00 00 00 00 00 00 00 00 00 00 00 00 00 00 00 00 00 00 00 00 00 00 00 00 00 00 00 00 00 00 00 00 00 00 00 00 00 00 00 00 00 00 00 00 00 00 00 00 00 00 00 00 00 00 00 00 00 00 00 00 00 00 00 00 00 00 00 00 00 00 00 00 00 00 00 00 00 00 00 00 00 00 00 00 00 00 00 00 00 00 00 00 00 00 00 00 00 00 00 00 00 00 00 00 00 00 00 00 00 00 00 00 00 00 00 00 00 00 00 00 00 00 00 00 00 00 00 00 00 00 00 00 00 00 00 00 00 00 00 00 00 00 00 00 00 00 00 00 00 00 00 00 00 00 00 00 00 00 00 00 00 00 00 00 00 00 00 00 00 00 00 00 00 00 00 00 00 00 00 00 00 00 00 00 00 00 00 00 00 00 00 00 00 00 00 00 00 00 00 00 00 00 00 00 00 00 01 00 60 E0 60 E0 C0 E0 C0 E0 C0 C0 C0 CC D8 DC F0 F8 03 03 00 01 00 00 00 00 00 00 00 00 00 00 00 00 FF FF FC FF 00 00 00 00 00 00 00 00 00 00 00 00 F8 FF 18 1F 18 1F 18 1F 18 1F 0C 1F 0C 0F 07 0F 1C FF 3F FF 33 FF 33 FF 3F FF 1F FF 03 FF 0F FF F8 FC FF FE 8F FF 07 FF 03 FF 03 FF 03 FF 06 FF 03 03 03 03 FF FF FF FF 03 FF C1 FF E1 FF 61 FF 00 00 00 00 00 00 00 80 80 80 80 80 80 80 80 80 00 00 00 00 00 00 00 00 00 00 00 00 00 00 00 00 00 00 00 00 00 00 00 00 00 00 00 00 00 00 00 00 00 00 00 00 00 00 00 00 00 00 00 00 00 00 00 00 00 00 00 00 00 00 00 00 00 00 00 00 00 00 00 00 00 00 00 00 00 00 00 00 00 00 00 00 00 00 00 00 E2 57 81 00 
// 38 : INQY
88 33 0F 00 00 00 0F 00 81 00 
// 39 : DATA
88 33 04 00 80 02 00 00 00 00 00 00 00 00 00 00 00 00 00 00 00 00 00 00 00 00 00 00 00 00 00 00 00 00 00 00 00 00 00 00 00 00 00 00 00 00 00 00 00 00 00 00 00 00 00 00 00 00 00 00 00 00 00 00 00 00 00 00 00 00 00 00 00 00 00 00 00 00 00 00 00 00 00 00 00 00 00 00 00 00 00 00 00 00 00 00 00 00 00 00 00 00 00 01 01 01 01 03 07 03 06 07 0F 06 0C 0E 0E 0C E0 E0 C0 C0 80 80 80 00 00 00 00 00 00 00 00 00 00 00 00 00 00 00 00 00 00 00 00 00 00 00 00 00 00 00 00 00 00 00 00 00 00 00 00 00 00 00 00 00 03 07 00 01 00 00 00 00 00 00 00 00 00 00 00 00 FF FF F3 F9 00 00 00 00 00 00 00 00 00 00 00 00 CE FF FF FF FB 7F 38 1F 0C 1F 0E 0F 07 07 03 03 61 FF E3 FF C3 FF 07 FF 07 FF 0F FF 1C FD F8 F8 80 80 80 80 00 80 00 80 80 80 80 C0 C0 C0 E0 C0 00 00 00 00 00 00 00 00 00 00 00 00 00 00 00 00 00 00 00 00 00 00 00 00 00 00 00 00 00 00 00 00 00 00 00 00 00 00 00 00 00 00 00 00 00 00 00 00 00 00 00 00 00 00 00 00 00 00 00 00 00 00 00 00 00 00 00 00 00 00 00 00 00 00 00 00 00 00 00 00 00 00 00 00 00 00 00 00 00 00 00 00 00 00 00 00 00 00 00 00 00 00 00 00 00 00 00 00 00 00 00 00 00 00 00 00 00 00 00 00 00 00 00 00 00 00 00 00 00 00 00 00 00 00 00 00 00 00 00 00 00 00 00 00 00 00 00 00 00 00 00 00 00 00 00 00 00 00 00 00 00 00 00 00 00 00 00 00 00 00 00 00 00 00 00 00 0C 1C 18 1C 18 18 18 38 30 38 30 38 38 30 30 30 00 00 00 00 00 00 00 00 00 00 00 00 00 00 00 00 00 00 00 00 00 00 00 00 00 00 00 00 00 00 00 00 00 00 00 00 00 00 00 00 00 00 00 00 00 00 00 00 00 00 00 00 00 00 00 00 00 00 00 00 00 00 00 00 00 00 00 00 00 00 00 00 00 00 00 00 00 00 00 00 00 01 00 00 00 00 00 00 00 00 00 00 00 00 00 00 F0 E0 00 00 00 00 00 00 00 00 00 00 00 00 01 01 40 E0 60 E0 60 70 20 70 30 70 34 38 7F FF F0 FF 00 00 00 00 00 00 00 00 00 00 00 00 90 E0 78 FC 00 00 00 00 00 00 00 00 00 00 00 00 00 00 00 00 00 00 00 00 00 00 00 00 00 00 00 00 00 00 00 00 00 00 00 00 00 00 00 00 00 00 00 00 00 00 00 00 00 00 00 00 00 00 00 00 00 00 00 00 00 00 00 00 85 32 81 00 
// 40 : INQY
88 33 0F 00 00 00 0F 00 81 00 
// 41 : DATA
88 33 04 00 80 02 00 00 00 00 00 00 00 00 00 00 00 00 00 00 00 00 00 00 00 00 00 00 00 00 00 00 00 00 00 00 00 00 00 00 00 00 00 00 00 00 00 00 00 00 00 00 00 00 00 00 00 00 00 00 00 00 00 00 00 00 00 00 00 00 00 00 00 00 00 00 00 00 00 00 00 00 00 00 00 00 00 00 00 00 00 00 00 00 00 00 00 03 07 0F 18 1C 30 30 30 30 30 30 30 30 BF 7F F8 FF 18 B8 18 18 00 00 00 00 00 00 00 00 00 E0 00 00 00 00 00 00 00 60 60 F0 F0 F0 F0 F0 F0 F0 F0 F0 60 60 00 00 00 00 00 00 00 00 00 00 00 00 00 00 00 00 00 00 00 00 00 00 00 00 00 00 00 00 00 00 38 7C C6 C6 00 00 00 00 00 00 00 00 00 00 00 00 00 00 00 00 00 0C 0C 1E 1E 1E 1E 1E 1E 1E 1E 1E 0C 0C 00 00 00 00 00 00 00 00 00 00 00 00 01 03 00 00 00 00 30 30 30 30 30 30 30 30 30 30 FA FC 37 3F 20 71 14 0E 00 00 00 00 00 00 00 00 00 00 40 80 C0 C0 00 00 00 00 00 00 00 00 00 00 00 00 00 00 00 00 00 00 00 00 00 00 00 00 00 00 00 00 00 00 00 00 00 00 00 00 00 00 00 00 00 00 00 00 00 00 00 00 00 00 00 00 00 00 00 00 00 00 00 00 00 00 00 00 00 00 00 00 00 00 00 00 00 00 00 00 00 00 00 00 00 00 00 00 00 00 00 00 00 00 00 00 00 00 00 00 00 00 00 00 00 00 00 00 00 00 00 00 00 00 00 00 00 00 00 00 00 00 00 00 00 00 00 00 00 00 00 00 00 00 00 00 00 00 00 00 00 00 00 00 00 00 00 00 00 00 00 00 00 00 00 00 00 00 00 00 00 00 00 00 18 1C 0C 1C 0C 0F 0F 0F 1E 3F 63 7F 03 01 01 00 00 00 00 00 E0 F0 00 C0 80 00 40 80 C4 EE F8 FC 00 00 00 00 00 00 00 00 00 00 00 00 00 00 00 00 00 00 00 00 00 00 00 00 00 00 00 00 00 00 00 00 82 82 C6 C6 38 7C 00 00 00 00 00 00 00 00 00 00 00 00 00 00 00 00 00 00 00 00 00 00 00 00 00 00 00 00 00 00 00 00 00 00 00 00 00 00 00 00 00 00 00 00 00 00 07 1F 01 03 01 03 03 07 06 0F 3C 1E 60 70 60 60 40 E0 E0 F8 9C FF 03 87 00 01 00 00 00 00 00 00 00 00 00 00 00 00 00 80 C0 C0 00 00 00 00 00 00 00 00 00 00 00 00 00 00 00 00 00 00 00 00 00 00 00 00 00 00 00 00 00 00 00 00 00 00 00 00 00 00 00 00 00 00 00 00 00 00 00 00 00 00 00 00 00 00 00 00 00 00 00 00 00 00 00 00 00 00 01 32 81 00 
// 42 : INQY
88 33 0F 00 00 00 0F 00 81 00 
// 43 : DATA
88 33 04 00 80 02 00 00 00 00 00 00 00 00 00 00 00 00 00 00 00 00 00 00 00 00 00 00 00 00 00 00 00 00 00 00 00 00 00 00 00 00 00 00 00 00 00 00 00 00 00 00 00 00 00 00 00 00 00 00 00 00 00 00 00 00 00 00 00 00 00 00 00 00 00 00 00 00 00 00 00 00 00 00 00 00 00 00 00 00 00 00 00 00 00 00 00 00 00 00 00 00 00 00 00 00 01 01 03 03 02 06 00 00 00 00 00 00 70 7E FF FF 87 CF 00 01 00 00 00 00 00 00 00 00 00 00 40 80 F3 FC 7F FF 23 1F 00 00 00 00 00 00 00 00 00 00 00 00 FF FF FF FF 60 7F 67 7F 6F 7F 00 00 00 00 00 00 FF FF FF FF 30 F0 F0 F0 F0 F0 00 00 00 00 03 00 FF FF FF FF 30 30 30 30 18 38 00 00 0B 07 3F FF F8 FE 90 E0 00 00 00 00 00 00 70 FC C0 F0 00 C0 00 00 00 00 00 00 00 00 00 00 00 00 00 00 00 00 00 00 00 00 00 00 00 00 00 00 00 00 00 00 00 00 00 00 00 00 00 00 00 00 00 00 00 00 00 00 00 00 00 00 00 00 00 00 00 00 00 00 00 00 00 00 00 00 00 00 00 00 00 00 00 00 00 00 00 00 00 00 00 00 00 00 00 00 00 00 00 00 00 00 00 00 00 00 00 00 00 00 00 00 00 00 00 00 00 00 00 00 00 00 00 00 00 00 00 00 00 00 00 00 00 00 00 00 00 00 00 00 00 00 00 00 00 00 00 00 00 00 00 00 00 00 00 00 00 00 00 00 00 00 00 00 00 00 00 00 00 00 00 00 00 00 00 00 00 00 00 00 00 00 00 00 00 00 00 00 00 00 00 00 00 00 00 00 00 00 00 00 00 00 00 00 00 00 00 00 00 00 00 00 00 00 00 00 00 00 00 00 00 00 00 00 00 00 00 00 00 00 00 00 00 00 00 00 00 00 00 00 00 00 00 00 00 00 00 00 00 00 00 01 01 01 01 03 03 03 03 07 06 07 7C FE D8 F8 F0 F8 F0 F0 B0 F0 30 F0 30 F0 30 F0 78 F8 38 78 3C 3C 3E 3E 37 3F 33 3F 31 3F 1D 1F 38 18 08 1C 1C 0C 0E 0C 06 0E CE C6 FF FF FF 9F 00 00 00 00 00 00 00 00 00 00 BF 7F F7 FF 81 E1 00 00 00 00 00 00 00 00 00 00 00 80 80 C0 C0 E0 00 00 00 00 00 00 00 00 00 00 00 00 00 00 00 00 00 00 00 00 00 00 00 00 00 00 00 00 00 00 00 00 00 00 00 00 00 00 00 00 00 00 00 00 00 00 00 00 00 00 00 00 00 00 00 00 00 00 00 00 00 00 00 00 00 00 00 00 00 00 00 00 00 00 00 00 00 00 00 00 00 00 00 00 00 00 00 00 00 00 00 00 00 00 00 00 42 45 81 00 
// 44 : INQY
88 33 0F 00 00 00 0F 00 81 00 
// 45 : DATA
88 33 04 00 80 02 00 00 00 00 00 00 00 00 00 00 00 00 00 00 00 00 00 00 00 00 00 00 00 00 00 00 00 00 00 00 00 00 00 00 00 00 00 00 00 00 00 00 00 00 00 00 00 00 00 00 00 00 00 00 00 00 00 00 00 00 00 00 00 00 00 00 00 00 00 00 00 00 00 00 00 00 00 00 00 00 00 00 00 00 00 00 00 00 00 00 00 00 00 00 00 00 00 00 00 00 00 00 00 00 00 00 00 00 00 00 00 00 00 00 00 00 00 00 00 00 00 00 00 00 02 01 03 07 06 0F 0C 0F 0C 1F 1C 1F 18 1F 18 1F F8 FF F8 FF 30 F0 30 F0 30 F0 30 F0 30 F0 38 F8 18 F8 1C FC 1F 1F 07 07 03 03 02 03 06 07 1C 1F 18 1F 18 1F 9B 0F 9B 0F FB 9F E3 FF 03 FF 03 FF 03 FF 03 FF 00 80 00 00 00 00 00 00 00 00 80 00 80 00 00 80 70 E0 60 70 30 70 70 30 30 30 30 30 30 30 30 30 00 00 00 00 00 00 00 00 00 00 00 00 00 00 00 00 00 00 00 00 00 00 00 00 00 00 00 00 00 00 00 00 00 00 00 00 00 00 00 00 00 00 00 00 00 00 00 00 00 00 00 00 00 00 00 00 00 00 00 00 00 00 00 00 00 00 00 00 00 00 00 00 00 00 00 00 00 00 00 00 00 00 00 00 00 00 00 00 00 00 00 00 00 00 00 00 00 00 00 00 00 00 00 00 00 00 00 00 00 00 00 00 00 00 00 00 00 00 00 00 00 00 00 00 00 00 00 00 00 00 00 00 00 00 00 00 00 00 00 00 00 00 00 00 00 00 00 00 00 00 00 00 00 00 00 00 00 00 00 00 00 00 00 00 00 00 00 00 00 00 00 00 00 00 00 00 00 00 00 00 00 00 00 00 00 00 00 00 00 00 00 00 00 00 00 00 00 00 00 00 00 00 00 00 00 00 00 00 0E 0F 0C 1C 18 1C 18 1C 1C 1C 0E 1F 0F 0F 03 07 1C 1F 1C 0F 0E 0F 07 07 03 03 01 01 FF FF FF FF 0F FF 07 FF 00 FF 00 FF C0 FF F0 FF FF FF FF FF F0 FF E0 FF 00 FF 00 FF 00 FF 00 FF FF FF FF FF 03 FF 01 FF 01 FF 01 FF 01 FF 01 FF FF FF FF FF 00 80 80 80 80 80 80 80 80 80 81 C3 FF FF FE FF 30 30 30 30 30 70 60 70 E0 E0 C0 E0 80 C0 00 00 00 00 00 00 00 00 00 00 00 00 00 00 00 00 00 00 00 00 00 00 00 00 00 00 00 00 00 00 00 00 00 00 00 00 00 00 00 00 00 00 00 00 00 00 00 00 00 00 00 00 00 00 00 00 00 00 00 00 00 00 00 00 00 00 00 00 00 00 00 00 00 00 00 00 00 00 00 00 00 00 00 00 00 00 00 00 00 00 00 00 00 00 00 00 00 00 20 57 81 00 
// 46 : INQY
88 33 0F 00 00 00 0F 00 81 00 
// 47 : DATA
88 33 04 00 80 02 00 00 00 00 00 00 00 00 00 00 00 00 00 00 00 00 00 00 00 00 00 00 00 00 00 00 00 00 00 00 00 00 00 00 00 00 00 00 00 00 00 00 00 00 00 00 00 00 00 00 00 00 00 00 00 00 00 00 00 00 00 00 00 00 00 00 00 00 00 00 00 00 00 00 00 00 00 00 00 00 00 00 00 00 00 00 00 00 00 00 00 00 00 00 00 00 00 00 00 00 00 00 00 00 00 00 00 00 00 00 00 00 00 00 00 00 00 00 00 00 00 00 00 00 00 00 00 00 00 00 00 00 00 00 00 00 00 00 00 00 00 00 00 00 00 00 00 00 00 00 00 00 00 00 00 00 00 00 00 00 00 00 00 00 00 00 00 00 00 00 00 00 00 00 00 00 00 00 00 00 00 00 00 00 00 00 00 00 00 00 00 00 00 00 00 00 00 00 00 00 00 00 00 00 00 00 00 00 00 00 00 00 00 00 00 00 00 00 00 00 00 00 00 00 00 00 00 00 00 00 00 00 00 00 00 00 00 00 00 00 00 00 00 00 00 00 00 00 00 00 00 00 00 00 00 00 00 00 00 00 00 00 00 00 00 00 00 00 00 00 00 00 00 00 00 00 00 00 00 00 00 00 00 00 00 00 00 00 00 00 00 00 00 00 00 00 00 00 00 00 00 00 00 00 00 00 00 00 00 00 00 00 00 00 00 00 00 00 00 00 00 00 00 00 00 00 00 00 00 00 00 00 00 00 00 00 00 00 00 00 00 00 00 00 00 00 00 00 00 00 00 00 00 00 00 00 00 00 00 00 00 00 00 00 00 00 00 00 00 00 00 00 00 00 00 00 00 00 00 00 00 00 00 00 00 00 00 00 00 00 00 00 00 00 00 00 00 00 00 00 00 00 00 00 00 00 00 00 00 00 00 00 00 00 00 00 00 00 00 00 00 00 00 00 00 00 00 00 00 00 00 00 00 00 00 00 00 00 00 00 00 00 00 00 00 00 00 00 00 00 00 00 00 00 00 00 00 00 00 00 00 00 00 00 00 00 00 00 00 00 00 00 00 00 00 00 00 00 00 00 00 00 00 00 00 00 00 00 00 00 00 00 00 00 00 00 00 00 00 00 00 00 00 00 00 00 00 00 00 00 00 00 00 00 00 00 00 00 00 00 00 00 00 00 00 00 00 00 00 00 00 00 00 00 00 00 00 00 00 00 00 00 00 00 00 00 00 00 00 00 00 00 00 00 00 00 00 00 00 00 00 00 00 00 00 00 00 00 00 00 00 00 00 00 00 00 00 00 00 00 00 00 00 00 00 00 00 00 00 00 00 00 00 00 00 00 00 00 00 00 00 00 00 00 00 00 00 00 00 00 00 00 00 00 00 00 00 00 00 00 00 00 00 00 00 00 00 00 00 00 00 00 00 00 00 00 00 00 00 00 86 00 81 00 
// 48 : INQY
88 33 0F 00 00 00 0F 00 81 00 
// 49 : DATA
88 33 04 00 80 02 00 00 00 00 00 00 00 00 00 00 00 00 00 00 00 00 00 00 00 07 00 07 00 07 00 07 00 07 00 07 00 07 00 00 00 E7 00 E7 00 E7 00 E7 00 E7 00 FF 00 FF 00 00 00 EF 00 EF 00 EF 00 EF 00 EF 00 EF 00 EF 00 00 00 FF 00 FF 00 FF 00 80 00 80 00 FE 00 FE 00 00 00 7C 00 7C 00 7C 00 7C 00 7C 00 7C 00 7C 00 00 00 0F 00 0F 00 0F 00 0F 00 0F 00 0F 00 0F 00 00 00 80 00 80 00 80 00 80 01 80 00 81 00 81 00 00 10 0F 40 3F 80 7F 00 FF 00 FF 09 F0 00 F0 00 00 80 00 20 C0 10 E0 00 F0 08 F0 00 F8 00 F8 00 00 00 00 00 00 00 00 00 00 00 00 00 00 00 00 00 00 00 FC 00 FC 01 FC 00 FD 02 FD 00 FF 00 FF 00 00 80 7C 04 F8 00 F8 08 F0 00 F0 10 E0 00 E0 00 00 00 F9 00 F9 00 F9 00 F9 00 F8 00 F8 00 F8 00 00 00 FF 00 FF 00 FF 00 FF 00 3E 00 3E 00 3E 00 00 00 DF 00 DF 00 DF 00 DF 00 03 00 03 00 03 00 00 00 FD 01 FC 00 FC 00 FC 00 E0 00 E0 00 E0 00 00 11 E0 00 F1 0A F1 80 7B 04 7B 40 3F 00 3F 00 00 00 F0 10 E0 00 E0 20 C0 00 C0 40 80 00 80 00 00 00 00 00 00 00 00 00 00 00 00 00 00 00 00 00 00 00 00 00 00 00 00 00 00 00 00 00 00 00 00 00 07 00 07 00 07 00 07 00 07 00 07 00 07 00 00 00 FF 00 FF 00 E7 00 E7 00 E7 00 E7 00 E7 00 00 00 EF 00 EF 00 EF 00 EF 00 EF 00 EF 00 EF 00 00 00 FE 00 80 00 80 00 FF 00 FF 00 FF 00 FF 00 00 00 7C 00 7C 00 7C 00 7F 00 7F 00 7F 00 7F 00 00 00 0F 00 0F 00 0F 00 EF 00 EF 00 EF 00 EF 00 00 00 81 00 81 01 80 00 FC 00 FC 00 FC 00 FC 00 00 00 F0 09 F0 00 FF 00 FF 80 7F 40 3F 10 0F 00 00 00 F8 00 F8 08 F0 00 F0 10 E0 20 C0 80 00 00 00 00 00 00 00 00 00 00 00 00 00 00 00 00 00 00 00 00 FF 00 FF 02 FD 00 FD 01 FC 00 FC 00 FC 00 00 00 E0 10 E0 00 F0 08 F0 00 F8 04 F8 00 FC 00 00 00 F8 00 F8 00 F8 00 F8 00 F8 00 F8 00 F8 00 00 00 3E 00 3E 00 3E 00 3E 00 3E 00 3E 00 3E 00 00 00 03 00 03 00 03 00 03 00 03 00 03 00 03 00 00 00 E0 00 E0 00 E0 00 E0 00 E0 00 E0 00 E0 00 00 20 1F 00 1F 00 1F 00 1F 00 1F 00 1F 00 1F 00 00 80 00 00 00 00 00 00 00 00 00 00 00 00 00 00 00 00 00 00 00 00 00 00 00 00 00 00 00 00 00 00 00 07 9E 81 00 
// 50 : INQY
88 33 0F 00 00 00 0F 00 81 00 
// 51 : DATA
88 33 04 00 80 02 00 00 00 00 00 00 00 00 00 00 00 00 00 00 00 00 00 00 00 00 00 00 00 00 00 00 00 00 00 00 00 00 00 00 00 00 00 00 00 00 00 00 00 00 00 00 00 00 00 00 00 00 00 00 00 00 00 00 00 00 00 00 00 00 00 00 00 00 00 00 00 00 00 00 00 00 00 00 00 00 00 00 00 00 00 00 00 00 00 00 00 00 00 00 00 00 00 00 00 00 00 00 00 00 00 00 00 00 00 00 00 00 00 00 00 00 00 00 00 00 00 00 00 00 00 00 00 00 00 00 00 00 00 00 00 00 00 00 00 00 00 00 00 00 00 00 00 00 00 00 00 00 00 00 00 00 00 00 00 00 00 00 00 00 00 00 00 00 00 00 00 00 00 00 00 00 00 00 00 00 00 00 00 00 00 00 00 00 00 00 00 00 00 00 00 00 00 00 00 00 00 00 00 00 00 00 00 00 00 00 00 00 00 00 00 00 00 00 00 00 00 00 00 00 00 00 00 00 00 00 00 00 00 00 00 00 00 00 00 00 00 00 00 00 00 00 00 00 00 00 00 00 00 00 00 00 00 00 00 00 00 00 00 00 00 00 00 00 00 00 00 00 00 00 00 00 00 00 00 00 00 00 00 00 00 00 00 00 00 00 00 00 00 00 00 00 00 00 00 00 00 00 00 00 00 00 00 00 00 00 00 00 00 00 00 00 00 00 00 00 00 00 00 00 00 00 00 00 00 00 00 00 00 00 00 00 00 00 00 00 00 00 00 00 00 00 00 00 00 00 00 00 00 00 00 00 00 00 00 00 00 00 00 00 00 00 00 00 00 00 00 00 00 00 00 00 00 00 00 00 00 00 00 00 00 00 00 00 00 00 00 00 00 00 00 00 00 00 00 00 00 00 00 00 00 00 00 00 00 00 00 00 00 00 00 00 00 00 00 00 00 00 00 00 00 00 00 00 00 00 00 00 00 00 00 00 00 00 00 00 00 00 00 00 00 00 00 00 00 00 00 00 00 00 00 00 00 00 00 00 00 00 00 00 00 00 00 00 00 00 00 00 00 00 00 00 00 00 00 00 00 00 00 00 00 00 00 00 00 00 00 00 00 00 00 00 00 00 00 00 00 00 00 00 00 00 00 00 00 00 00 00 00 00 00 00 00 00 00 00 00 00 00 00 00 00 00 00 00 00 00 00 00 00 00 00 00 00 00 00 00 00 00 00 00 00 00 00 00 00 00 00 00 00 00 00 00 00 00 00 00 00 00 00 00 00 00 00 00 00 00 00 00 00 00 00 00 00 00 00 00 00 00 00 00 00 00 00 00 00 00 00 00 00 00 00 00 00 00 00 00 00 00 00 00 00 00 00 00 00 00 00 00 00 00 00 00 00 00 00 00 00 00 00 00 00 00 00 00 00 00 00 00 00 00 00 00 00 00 00 86 00 81 00 
// 52 : INQY
88 33 0F 00 00 00 0F 00 81 00 
// 53 : DATA
88 33 04 00 00 00 04 00 81 00 
// 54 : INQY
88 33 0F 00 00 00 0F 00 81 04 
// 55 : PRNT
88 33 02 00 04 00 01 10 E4 40 3B 01 81 04 
// 56 : INQY
88 33 0F 00 00 00 0F 00 81 00 
// 57 : INIT
88 33 01 00 00 00 01 00 81 00 
// 58 : INQY
88 33 0F 00 00 00 0F 00 81 00 
// 59 : DATA
88 33 04 00 80 02 24 24 24 24 FF FF 24 24 24 24 04 04 08 08 10 10 00 00 01 01 01 01 79 79 01 01 02 02 04 04 78 78 00 00 22 22 22 22 22 22 22 22 02 02 04 04 18 18 04 04 04 04 7F 7F 0C 0C 14 14 24 24 44 44 84 84 00 00 20 20 FE FE 10 10 FE FE 08 08 04 04 04 04 00 00 00 00 00 00 10 10 3E 3E 12 12 0C 0C 08 08 00 00 3E 3E 00 00 7F 7F 01 01 01 01 02 02 1C 1C 00 00 7C 7C 44 44 44 44 84 84 04 04 08 08 30 30 00 00 3E 3E 22 22 52 52 0A 0A 04 04 08 08 30 30 00 00 00 00 00 00 7E 7E 00 00 00 00 00 00 00 00 3C 3C 42 42 99 99 A1 A1 A1 A1 99 99 42 42 3C 3C 18 18 38 38 18 18 18 18 18 18 18 18 7E 7E 00 00 7C 7C C6 C6 C6 C6 7E 7E 06 06 0C 0C 78 78 00 00 7E 7E 46 46 0C 0C 18 18 30 30 30 30 30 30 00 00 3C 3C 60 60 C0 C0 FC FC C6 C6 C6 C6 7C 7C 00 00 00 00 00 00 00 00 00 00 60 60 60 60 20 20 40 40 18 18 38 38 18 18 18 18 18 18 18 18 7E 7E 00 00 7C 7C C6 C6 C6 C6 7E 7E 06 06 0C 0C 78 78 00 00 7C 7C C6 C6 C6 C6 7E 7E 06 06 0C 0C 78 78 00 00 7C 7C C6 C6 C6 C6 7E 7E 06 06 0C 0C 78 78 00 00 00 00 00 00 00 00 00 00 00 00 00 00 00 00 00 00 00 00 00 00 00 00 00 00 00 00 00 00 00 00 00 00 78 78 C4 C4 C0 C0 78 78 0C 0C 8C 8C 78 78 00 00 30 30 30 30 78 78 48 48 CC CC FC FC CC CC 00 00 66 66 66 66 76 76 7E 7E 6E 6E 66 66 66 66 00 00 3E 3E 31 31 31 31 3E 3E 34 34 32 32 31 31 00 00 18 18 18 18 18 18 18 18 18 18 18 18 18 18 00 00 3E 3E 63 63 63 63 63 63 63 63 63 63 3E 3E 00 00 00 00 00 00 00 00 00 00 00 00 00 00 00 00 00 00 3C 3C 66 66 60 60 60 60 60 60 66 66 3C 3C 00 00 3E 3E 63 63 63 63 63 63 63 63 63 63 3E 3E 00 00 00 00 00 00 00 00 00 00 00 00 60 60 60 60 00 00 00 00 00 00 00 00 00 00 60 60 60 60 20 20 40 40 60 60 60 60 60 60 60 60 60 60 60 60 7E 7E 00 00 7E 7E 18 18 18 18 18 18 18 18 18 18 18 18 00 00 78 78 6C 6C 66 66 66 66 66 66 6C 6C 78 78 00 00 00 00 00 00 00 00 00 00 00 00 60 60 60 60 00 00 00 00 00 00 00 00 00 00 00 00 00 00 00 00 00 00 00 00 00 00 00 00 00 00 00 00 00 00 00 00 00 00 00 00 00 00 00 00 00 00 00 00 00 00 00 00 00 00 B6 83 81 00 
// 60 : INQY
88 33 0F 00 00 00 0F 00 81 00 
// 61 : DATA
88 33 04 00 00 00 04 00 81 00 
// 62 : INQY
88 33 0F 00 00 00 0F 00 81 04 
// 63 : PRNT
88 33 02 00 04 00 01 13 E4 40 3E 01 81 04 
