// GAMEBOY PRINTER Packet Sniffer V2 (Brian Khuu 2020)
// Purpose: Sniff communication from real gameboy printer
// Note: Each byte is from each GBP packet is from the gameboy
//       except for the last two bytes which is from the printer
//------------------------------------------------------------------------------
// GAME:Rescue Heroes - Fire Frenzy
// DATE: 2020-09-11
// AUTHOR:Raphaël BOICHOT
// NOTE:
// 0 : INIT
88 33 01 00 00 00 01 00 81 00 
// 1 : DATA
88 33 04 00 80 02 00 00 00 00 00 00 00 00 00 00 00 00 00 00 00 00 00 00 00 00 00 00 00 00 00 00 00 00 00 00 00 00 00 00 00 00 00 00 00 00 00 00 00 00 00 00 00 00 00 00 00 00 00 00 00 00 00 00 00 00 00 00 00 00 00 00 00 00 00 00 00 00 00 00 00 00 00 00 00 00 00 00 0F 0F 10 10 20 20 20 20 40 40 40 40 80 80 01 01 E2 E2 9A 9A 44 44 26 26 12 12 12 12 0A 0A E0 E0 1C 1C 0C 0C 06 06 04 04 04 04 04 04 04 04 00 00 00 00 E0 E0 10 10 08 08 08 08 08 08 18 18 00 00 00 00 00 00 00 00 00 00 00 00 00 00 00 00 00 00 00 00 00 00 00 00 10 10 38 38 78 78 FC FC 00 00 00 00 00 00 00 00 00 00 00 00 00 00 00 00 00 00 00 00 00 00 00 00 00 00 00 00 00 00 00 00 00 00 00 00 00 00 00 00 00 00 00 00 00 00 00 00 00 00 00 00 00 00 00 00 00 00 00 00 00 00 00 00 00 00 00 00 00 00 00 00 00 00 00 00 00 00 00 00 00 00 00 00 00 00 00 00 00 00 00 00 00 00 00 00 00 00 00 00 00 00 00 00 00 00 00 00 00 00 00 00 00 00 00 00 00 00 00 00 00 00 00 00 00 00 00 00 00 00 00 00 00 00 00 00 00 00 00 00 00 00 00 00 00 00 00 00 00 00 00 00 00 00 00 00 00 00 00 00 00 00 00 00 00 00 00 00 00 00 00 00 00 00 00 00 00 00 00 00 00 00 00 00 00 00 00 00 00 00 00 00 00 00 00 00 00 00 00 00 00 00 00 00 00 00 01 01 01 01 03 03 06 06 0C 0C 18 18 30 30 60 60 E8 E8 80 80 02 02 01 01 01 01 00 00 03 03 06 06 E6 E6 0A 0A 09 09 0B 0B 09 09 8E 8E 89 89 52 52 67 67 00 00 08 08 08 08 10 10 10 10 10 10 3C 3C FF FF 1E 1E 11 11 20 20 20 20 40 40 E0 E0 98 98 04 04 00 00 83 83 7F 7F 0F 0F 1E 1E 3C 3C 70 70 E0 E0 FC FC DE DE 8F 8F 07 07 23 23 23 23 80 80 A0 A0 00 00 00 00 FC FC 83 83 C0 C0 E0 E0 F0 F0 78 78 00 00 00 00 00 00 FC FC 63 63 1C 1C 07 07 00 00 00 00 00 00 00 00 00 00 C0 C0 20 20 1E 1E C1 C1 00 00 00 00 00 00 00 00 00 00 00 00 00 00 FC FC 00 00 00 00 00 00 00 00 00 00 00 00 00 00 00 00 00 00 00 00 00 00 00 00 00 00 00 00 00 00 0F 0F 00 00 00 00 00 00 00 00 00 00 00 00 00 00 FF FF 00 00 00 00 00 00 00 00 00 00 00 00 00 00 00 00 00 00 00 00 00 00 00 00 00 00 00 00 00 00 00 00 96 41 81 00 
// 2 : INQY
88 33 0F 00 00 00 0F 00 81 00 
// 3 : DATA
88 33 04 00 80 02 00 00 00 00 00 00 00 00 00 00 00 00 00 00 00 00 00 00 00 00 00 00 00 00 00 00 00 00 00 00 0F 0F 00 00 00 00 00 00 00 00 00 00 03 03 3C 3C E0 E0 03 03 0E 0E 18 18 64 64 C0 C0 72 72 23 23 B1 B1 80 80 85 85 F6 F6 42 42 63 63 21 21 30 30 10 10 92 92 E3 E3 89 89 F2 F2 04 04 01 01 03 03 04 04 64 64 98 98 30 30 60 60 C0 C0 80 80 00 00 01 01 E3 E3 03 03 00 00 00 00 00 00 03 03 1F 1F FE FE F3 F3 F7 F7 1E 1E 3C 3C F8 F8 E0 E0 80 80 00 00 C1 C1 03 03 06 06 0D 0D 0F 0F 0F 0F 0C 0C 07 07 B0 B0 70 70 D0 D0 D8 D8 7C 7C E4 E4 EC EC 18 18 1F 1F 0E 0E 07 07 03 03 01 01 00 00 00 00 00 00 FF FF 00 00 07 07 F8 F8 E0 E0 F0 F0 78 78 1F 1F E0 E0 18 18 F6 F6 01 01 00 00 00 00 00 00 00 00 07 07 00 00 00 00 C0 C0 20 20 1C 1C 03 03 00 00 C0 C0 3F 3F 00 00 00 00 00 00 70 70 0F 0F F0 F0 F0 F0 00 00 00 00 00 00 00 00 00 00 C0 C0 3E 3E 00 00 00 00 00 00 00 00 0F 0F 30 30 60 60 18 18 C0 C0 30 30 08 08 04 04 04 04 82 82 82 82 83 83 00 00 00 00 00 00 00 00 00 00 00 00 C0 C0 20 20 01 01 06 06 08 08 08 08 10 10 10 10 08 08 04 04 F8 F8 00 00 07 07 08 08 10 10 10 10 10 10 18 18 03 03 03 03 39 39 25 25 78 78 22 22 3C 3C 60 60 11 11 1C 1C 00 00 80 80 80 80 00 00 00 00 01 01 80 80 80 80 00 00 01 01 07 07 0C 0C 30 30 E0 E0 08 08 33 33 FF FF FF FF 98 98 10 10 10 10 30 30 3F 3F FE FE FF FF FF FF 00 00 00 00 00 00 00 00 E0 E0 00 00 FF FF E1 E1 01 01 01 01 01 01 01 01 00 00 00 00 00 00 3F 3F 30 30 30 30 30 30 20 20 00 00 00 00 01 01 F1 F1 31 31 11 11 11 11 11 11 F0 F0 00 00 F0 F0 FF FF C7 C7 80 80 80 80 80 80 00 00 00 00 00 00 80 80 F8 F8 0E 0E 03 03 01 01 07 07 01 01 00 00 00 00 00 00 00 00 00 00 C0 C0 E0 E0 F8 F8 7F 7F 1F 1F 7F 7F 60 60 40 40 40 40 00 00 00 00 7F 7F F0 F0 80 80 00 00 00 00 00 00 0F 0F 00 00 FE FE 06 06 02 02 02 02 03 03 03 03 C1 C1 3E 3E 03 03 00 00 00 00 7C 7C FE FE 9E 9E 84 84 44 44 8C 8C 98 98 97 97 9C 9C 60 60 38 38 42 42 42 42 3A 3A 07 07 02 02 C0 C0 30 30 C0 C0 20 20 10 10 10 10 90 90 48 48 28 28 18 18 08 08 28 A9 81 00 
// 4 : INQY
88 33 0F 00 00 00 0F 00 81 00 
// 5 : DATA
88 33 04 00 80 02 02 02 01 01 01 01 01 01 00 00 00 00 00 00 00 00 0C 0C 07 07 00 00 00 00 87 87 88 88 50 50 50 50 C0 C0 01 01 3E 3E F8 F8 30 30 60 60 C0 C0 60 60 07 07 FC FC 00 00 00 00 00 00 00 00 00 00 00 00 E0 E0 E0 E0 E0 E0 70 70 70 70 70 70 70 70 30 30 20 20 20 20 60 60 60 60 40 40 C0 C0 C0 C0 80 80 00 00 00 00 FF FF FF FF E0 E0 E0 E0 C0 C0 C0 C0 01 01 01 01 FD FD FF FF 00 00 00 00 00 00 00 00 20 20 20 20 20 20 60 60 60 60 60 60 60 60 60 60 11 11 11 11 11 11 11 11 11 11 11 11 11 11 11 11 80 80 80 80 83 83 83 83 83 83 83 83 83 83 83 83 00 00 00 00 80 80 80 80 F0 F0 38 38 0C 0C 06 06 E0 E0 70 70 70 70 38 38 18 18 0C 0C 0C 0C 06 06 40 40 40 40 60 60 60 60 60 60 60 60 60 60 60 60 00 00 03 03 3F 3F 7E 7E C0 C0 C0 C0 C0 C0 C0 C0 02 02 FE FE FE FE 00 00 00 00 00 00 00 00 00 00 07 07 07 07 06 06 0E 0E 0C 0C 1C 1C 18 18 38 38 07 07 00 00 00 00 00 00 00 00 00 00 00 00 00 00 00 00 00 00 00 00 00 00 00 00 00 00 00 00 00 00 08 08 00 00 00 00 00 00 00 00 00 00 00 00 00 00 00 00 00 00 00 00 00 00 00 00 00 00 00 00 00 00 30 30 1C 1C 07 07 00 00 00 00 00 00 00 00 00 00 30 30 0C 0C E7 E7 7C 7C 0F 0F 04 04 04 04 08 08 00 00 00 00 E0 E0 3C 3C C6 C6 39 39 04 04 02 02 31 31 39 39 19 19 1D 1D 1D 1D 1D 1D 9B 9B BB BB 80 80 80 80 80 80 80 80 80 80 80 80 00 00 03 03 C0 C0 7F 7F 0F 0F 00 00 00 00 00 00 00 00 C0 C0 00 00 E0 E0 E0 E0 20 20 20 20 20 20 20 20 20 20 60 60 60 60 60 60 40 40 40 40 40 40 40 40 C0 C0 11 11 11 11 11 11 11 11 11 11 11 11 11 11 31 31 83 83 83 83 83 83 83 83 83 83 83 83 83 83 83 83 03 03 01 01 01 01 00 00 00 00 00 00 00 00 00 00 06 06 06 06 03 03 83 83 83 83 83 83 83 83 83 83 60 60 20 20 20 20 20 20 20 20 20 20 20 20 20 20 C1 C1 FF FF FE FE 00 00 00 00 00 00 00 00 00 00 F0 F0 F8 F8 18 18 18 18 18 18 18 18 18 18 38 38 38 38 70 70 70 70 70 70 F0 F0 F0 F0 E0 E0 E0 E0 00 00 00 00 00 00 00 00 00 00 00 00 00 00 00 00 00 00 00 00 00 00 00 00 00 00 00 00 00 00 00 00 00 00 00 00 00 00 00 00 00 00 00 00 00 00 00 00 FA 9B 81 00 
// 6 : INQY
88 33 0F 00 00 00 0F 00 81 00 
// 7 : DATA
88 33 04 00 80 02 00 00 00 00 00 00 00 00 00 00 00 00 00 00 00 00 00 00 00 00 00 00 07 07 18 18 20 20 40 40 40 40 10 10 30 30 C0 C0 00 00 00 00 01 01 02 02 B2 B2 02 02 0D 0D 33 33 4E 4E B8 B8 60 60 C0 C0 7C 7C BB BB 32 32 72 72 76 76 76 76 76 76 E6 E6 EC EC 01 01 03 03 03 03 03 03 03 03 02 02 02 02 02 02 FE FE 01 01 00 00 00 00 00 00 00 00 00 00 00 00 60 60 E0 E0 00 00 00 00 00 00 00 00 00 00 00 00 C0 C0 C0 C0 C0 C0 C0 C0 C0 C0 C0 C0 C0 C0 C0 C0 31 31 31 31 31 31 31 31 31 31 31 31 31 31 21 21 83 83 83 83 83 83 83 83 83 83 83 83 83 83 83 83 00 00 00 00 00 00 01 01 01 01 03 03 06 06 06 06 83 83 83 83 86 86 86 86 86 86 0C 0C 0C 0C 18 18 20 20 20 20 20 20 20 20 20 20 30 30 30 30 30 30 01 01 0F 0F 1C 1C 1C 1C 1C 1C 1C 1C 0C 0C 0C 0C F8 F8 C0 C0 00 00 00 00 00 00 00 00 00 00 00 00 70 70 70 70 70 70 70 70 30 30 38 38 38 38 3C 3C 00 00 00 00 00 00 00 00 00 00 00 00 00 00 00 00 00 00 00 00 00 00 00 00 00 00 00 00 00 00 00 00 00 00 00 00 00 00 00 00 00 00 00 00 00 00 00 00 00 00 00 00 00 00 00 00 00 00 00 00 00 00 00 00 47 47 3C 3C 08 08 18 18 30 30 30 30 19 19 0F 0F 01 01 00 00 01 01 01 01 02 02 06 06 FA FA FA FA 89 89 B3 B3 63 63 47 47 C7 C7 C7 C7 CF CF CF CF EC EC CC CC CC CC 8C 8C 88 88 18 18 18 18 18 18 02 02 06 06 06 06 06 06 06 06 0C 0C 0C 0C 0C 0C 00 00 00 00 00 00 00 00 00 00 00 00 00 00 00 00 00 00 00 00 00 00 00 00 00 00 00 00 00 00 00 00 40 40 C0 C0 C0 C0 C0 C0 C0 C0 C0 C0 C0 C0 C0 C0 21 21 21 21 21 21 21 21 21 21 21 21 21 21 21 21 83 83 83 83 83 83 83 83 80 80 80 80 80 80 80 80 08 08 30 30 E0 E0 80 80 00 00 00 00 00 00 00 00 18 18 30 30 30 30 20 20 60 60 40 40 40 40 E0 E0 30 30 30 30 10 10 10 10 10 10 10 10 10 10 10 10 0C 0C 0C 0C 0C 0C 0C 0C 0C 0C 0C 0C 06 06 06 06 00 00 00 00 00 00 00 00 00 00 00 00 00 00 00 00 1C 1C 1E 1E 1E 1E 1F 1F 0F 0F 0F 0F 0F 0F 77 77 00 00 00 00 00 00 00 00 00 00 00 00 80 80 80 80 00 00 00 00 00 00 00 00 00 00 00 00 00 00 00 00 00 00 00 00 00 00 00 00 00 00 00 00 00 00 00 00 24 7E 81 00 
// 8 : INQY
88 33 0F 00 00 00 0F 00 81 00 
// 9 : DATA
88 33 04 00 80 02 00 00 00 00 00 00 00 00 00 00 00 00 00 00 00 00 00 00 00 00 00 00 00 00 00 00 00 00 00 00 00 00 61 61 41 41 40 40 30 30 0C 0C 0F 0F 03 03 00 00 5E 5E FE FE BE BE 7C 7C 1C 1C DC DC FC FC 1C 1C 18 18 10 10 30 30 30 30 38 38 18 18 0C 0C 06 06 0C 0C 08 08 18 18 18 18 10 10 10 10 10 10 10 10 00 00 00 00 00 00 00 00 00 00 00 00 07 07 7C 7C 00 00 00 00 00 00 00 00 00 00 00 00 F0 F0 1F 1F C0 C0 C0 C0 C0 C0 C0 C0 C0 C0 C0 C0 C0 C0 C0 C0 21 21 21 21 21 21 21 21 21 21 21 21 21 21 21 21 80 80 80 80 80 80 81 81 83 83 83 83 83 83 83 83 00 00 00 00 70 70 F8 F8 F8 F8 FC FC 0C 0C 0E 0E 60 60 60 60 30 30 30 30 18 18 1C 1C 0C 0C 06 06 10 10 10 10 10 10 10 10 10 10 10 10 10 10 18 18 06 06 06 06 06 06 03 03 02 02 00 00 00 00 00 00 01 01 07 07 FC FC E0 E0 00 00 00 00 00 00 00 00 F7 F7 37 37 33 33 33 33 33 33 31 31 31 31 41 41 80 80 C0 C0 C0 C0 C0 C0 E0 E0 E0 E0 E0 E0 E0 E0 00 00 00 00 00 00 00 00 00 00 00 00 00 00 00 00 00 00 00 00 00 00 00 00 00 00 00 00 00 00 00 00 00 00 00 00 00 00 00 00 00 00 00 00 00 00 00 00 00 00 00 00 00 00 00 00 00 00 00 00 00 00 00 00 00 00 00 00 00 00 00 00 00 00 00 00 00 00 00 00 3C 3C 38 38 38 38 38 38 38 38 38 38 38 38 18 18 03 03 00 00 00 00 00 00 00 00 00 00 00 00 01 01 D1 D1 F6 F6 38 38 30 30 60 60 C0 C0 81 81 82 82 C0 C0 00 00 00 00 07 07 38 38 C7 C7 07 07 07 07 01 01 00 00 00 00 F0 F0 0E 0E F1 F1 F0 F0 F0 F0 C0 C0 70 70 0C 0C 07 07 01 01 80 80 40 40 20 20 21 21 21 21 61 61 E1 E1 E1 E1 81 81 41 41 41 41 83 83 83 83 83 83 83 83 83 83 83 83 83 83 87 87 06 06 07 07 03 03 03 03 03 03 03 03 00 00 00 00 02 02 03 03 01 01 81 81 80 80 83 83 FF FF FC FC 18 18 1C 1C 1C 1C 84 84 87 87 80 80 00 00 00 00 00 00 00 00 03 03 3F 3F F8 F8 00 00 00 00 00 00 03 03 3E 3E E0 E0 80 80 00 00 00 00 00 00 00 00 81 81 01 01 01 01 03 03 03 03 03 03 03 03 03 03 E0 E0 E0 E0 E0 E0 E0 E0 E0 E0 E0 E0 E0 E0 E0 E0 00 00 00 00 00 00 00 00 00 00 00 00 00 00 00 00 00 00 00 00 00 00 00 00 00 00 00 00 00 00 00 00 C6 92 81 00 
// 10 : INQY
88 33 0F 00 00 00 0F 00 81 00 
// 11 : DATA
88 33 04 00 80 02 00 00 00 00 00 00 00 00 00 00 00 00 00 00 00 00 00 00 00 00 00 00 00 00 00 00 00 00 00 00 00 00 00 00 00 00 00 00 00 00 00 00 00 00 00 00 00 00 1C 1C 1C 1C 1C 1C 0E 0E 0E 0E 06 06 07 07 07 07 01 01 02 02 02 02 02 02 02 02 04 04 04 04 04 04 04 04 0C 0C 08 08 08 08 17 17 17 17 17 17 17 17 07 07 00 00 3F 3F 3F 3F B8 B8 B8 B8 BB BB BB BB F0 F0 00 00 FC FC FC FC 1C 1C 1C 1C FC FC F8 F8 10 10 10 10 08 08 08 08 F4 F4 F4 F4 F4 F4 F4 F4 20 20 20 20 20 20 10 10 10 10 10 10 10 10 10 10 FC FC 00 00 00 00 00 00 00 00 00 00 00 00 00 00 00 00 00 00 00 00 00 00 00 00 1F 1F 3F 3F 7F 7F 00 00 00 00 00 00 00 00 00 00 E0 E0 E0 E0 E0 E0 00 00 00 00 00 00 00 00 00 00 00 00 00 00 00 00 00 00 00 00 00 00 00 00 00 00 00 00 00 00 00 00 00 00 00 00 00 00 00 00 00 00 00 00 00 00 00 00 03 03 07 07 07 07 0F 0F 0F 0F 1F 1F 1F 1F 3E 3E C0 C0 C0 C0 C0 C0 80 80 80 80 00 00 00 00 00 00 00 00 00 00 00 00 00 00 00 00 00 00 00 00 00 00 00 00 00 00 00 00 00 00 00 00 00 00 00 00 00 00 00 00 00 00 00 00 00 00 00 00 00 00 00 00 00 00 00 00 00 00 00 00 00 00 00 00 00 00 00 00 00 00 00 00 00 00 00 00 00 00 00 00 00 00 00 00 00 00 07 07 03 03 03 03 01 01 01 01 00 00 00 00 00 00 84 84 84 84 C6 C6 C2 C2 E2 E2 71 71 71 71 38 38 17 17 17 17 08 08 08 08 04 04 04 04 02 02 81 81 B8 B8 B8 B8 38 38 00 00 00 00 0F 0F 0F 0F 8F 8F 1C 1C 1E 1E 1E 1E 00 00 00 00 E0 E0 E0 E0 E0 E0 F4 F4 F4 F4 F4 F4 08 08 08 08 10 10 20 20 C0 C0 10 10 10 10 10 10 20 20 20 20 20 20 40 40 40 40 00 00 00 00 00 00 00 00 00 00 00 00 00 00 00 00 FF FF FF FF FF FF EF EF CF CF 8F 8F 0F 0F 0F 0F E0 E0 E0 E0 E0 E0 E0 E0 E0 E0 E0 E0 E0 E0 E0 E0 00 00 00 00 00 00 00 00 00 00 00 00 00 00 00 00 00 00 00 00 00 00 00 00 00 00 00 00 00 00 01 01 00 00 01 01 03 03 0F 0F 1F 1F 3F 3F FF FF FE FE 7E 7E FC FC F8 F8 F0 F0 E0 E0 C0 C0 80 80 00 00 00 00 00 00 00 00 00 00 00 00 00 00 00 00 00 00 00 00 00 00 00 00 00 00 00 00 00 00 00 00 00 00 00 00 00 00 00 00 00 00 00 00 00 00 00 00 00 00 C2 75 81 00 
// 12 : INQY
88 33 0F 00 00 00 0F 00 81 00 
// 13 : DATA
88 33 04 00 80 02 00 00 00 00 00 00 00 00 00 00 00 00 00 00 00 00 00 00 00 00 00 00 00 00 00 00 00 00 00 00 00 00 00 00 00 00 00 00 00 00 00 00 00 00 00 00 00 00 00 00 00 00 00 00 00 00 00 00 00 00 01 01 06 06 1D 1D 1F 1F 06 06 0C 0C 18 18 60 60 80 80 00 00 80 80 40 40 20 20 10 10 0C 0C 03 03 00 00 00 00 6F 6F 18 18 07 07 00 00 00 00 00 00 C0 C0 3F 3F E3 E3 1C 1C E0 E0 00 00 00 00 00 00 07 07 F8 F8 00 00 01 01 02 02 0C 0C 30 30 E0 E0 80 80 00 00 80 80 00 00 00 00 00 00 00 00 00 00 00 00 00 00 00 00 00 00 00 00 00 00 00 00 00 00 00 00 00 00 0F 0F 0F 0F 0F 0F 0F 0F 0F 0F 0F 0F 0F 0F 0F 0F E0 E0 E0 E0 E0 E0 E0 E0 E0 E0 E0 E0 E0 E0 E0 E0 00 00 00 00 00 00 00 00 00 00 00 00 00 00 00 00 03 03 07 07 0F 0F 1F 1F 3F 3F 7E 7E 7C 7C F0 F0 FC FC F0 F0 E0 E0 80 80 00 00 00 00 00 00 00 00 00 00 00 00 00 00 00 00 00 00 00 00 00 00 00 00 00 00 00 00 00 00 00 00 00 00 00 00 00 00 00 00 00 00 00 00 00 00 00 00 00 00 00 00 00 00 00 00 00 00 00 00 00 00 00 00 00 00 00 00 00 00 00 00 00 00 00 00 00 00 00 00 00 00 00 00 00 00 00 00 00 00 00 00 00 00 00 00 00 00 00 00 00 00 00 00 00 00 01 01 00 00 00 00 00 00 00 00 00 00 00 00 3C 3C E0 E0 3F 3F 00 00 00 00 00 00 00 00 07 07 00 00 06 06 FC FC 08 08 30 30 60 60 C0 C0 00 00 00 00 00 00 00 00 00 00 01 01 06 06 0D 0D 33 33 38 38 78 78 50 50 B0 B0 E0 E0 E0 E0 F0 F0 FC FC 00 00 00 00 00 00 00 00 00 00 00 00 00 00 00 00 00 00 00 00 00 00 00 00 00 00 00 00 00 00 00 00 00 00 00 00 00 00 00 00 00 00 00 00 00 00 00 00 00 00 00 00 00 00 00 00 00 00 00 00 00 00 00 00 00 00 00 00 00 00 00 00 00 00 00 00 00 00 00 00 00 00 00 00 00 00 00 00 00 00 00 00 00 00 00 00 01 01 03 03 07 07 0F 0F 1E 1E 1C 1C 38 38 70 70 E0 E0 C0 C0 80 80 00 00 00 00 00 00 00 00 00 00 00 00 00 00 00 00 00 00 00 00 00 00 00 00 00 00 00 00 00 00 00 00 00 00 00 00 00 00 00 00 00 00 00 00 00 00 00 00 00 00 00 00 00 00 00 00 00 00 00 00 00 00 00 00 00 00 00 00 00 00 00 00 00 00 00 00 00 00 00 00 00 00 00 00 00 00 00 00 00 00 74 45 81 00 
// 14 : INQY
88 33 0F 00 00 00 0F 00 81 00 
// 15 : DATA
88 33 04 00 80 02 00 00 00 00 00 00 00 00 00 00 00 00 00 00 00 00 00 00 00 00 00 00 00 00 00 00 00 00 00 00 00 00 00 00 00 00 03 03 00 00 00 00 00 00 00 00 00 00 0C 0C 70 70 FF FF 00 00 00 00 01 01 06 06 1C 1C 01 01 1E 1E E0 E0 40 40 C0 C0 00 00 07 07 3C 3C C2 C2 06 06 0C 0C 30 30 60 60 C0 C0 00 00 00 00 7F 7F 0F 0F 03 03 F9 F9 FC FC C2 C2 C2 C2 C2 C2 00 00 C0 C0 F0 F0 FF FF FF FF 83 83 83 83 C3 C3 00 00 00 00 00 00 BF BF 7F 7F 60 60 60 60 60 60 00 00 00 00 00 00 FF FF FF FF 00 00 00 00 00 00 00 00 00 00 00 00 DF DF DF DF 50 50 D0 D0 D0 D0 00 00 00 00 00 00 FF FF FF FF 01 01 00 00 FC FC 00 00 01 01 01 01 03 03 87 87 CF CF DC DC D8 D8 F0 F0 E0 E0 F8 F8 FE FE C7 C7 01 01 00 00 00 00 00 00 00 00 00 00 00 00 80 80 C0 C0 E0 E0 70 70 00 00 00 00 00 00 00 00 00 00 00 00 00 00 00 00 00 00 00 00 00 00 00 00 00 00 00 00 00 00 00 00 00 00 00 00 00 00 00 00 00 00 00 00 00 00 00 00 00 00 00 00 00 00 00 00 00 00 00 00 00 00 00 00 00 00 00 00 00 00 00 00 00 00 00 00 00 00 00 00 00 00 00 00 00 00 00 00 00 00 00 00 00 00 00 00 00 00 00 00 00 00 00 00 00 00 00 00 00 00 00 00 00 00 00 00 00 00 00 00 00 00 00 00 00 00 00 00 3F 3F 00 00 00 00 00 00 00 00 00 00 00 00 00 00 C0 C0 00 00 00 00 00 00 00 00 00 00 00 00 00 00 00 00 00 00 00 00 00 00 00 00 00 00 00 00 00 00 C2 C2 C2 C2 43 43 40 40 41 41 41 41 41 41 41 41 C3 C3 C3 C3 C3 C3 01 01 F1 F1 F1 F1 11 11 11 11 20 20 30 30 B0 B0 F0 F0 70 70 30 30 30 30 10 10 00 00 7F 7F FF FF E0 E0 10 10 10 10 10 10 F0 F0 D1 D1 D1 D1 91 91 11 11 11 11 10 10 10 10 10 10 FE FE 06 06 02 02 04 04 84 84 88 88 89 89 F1 F1 70 70 70 70 60 60 60 60 E1 E1 A1 A1 A1 A1 21 21 3E 3E 4F 4F 83 83 81 81 01 01 01 01 01 01 01 01 30 30 18 18 98 98 88 88 88 88 88 88 10 10 10 10 00 00 00 00 00 00 00 00 00 00 00 00 00 00 00 00 00 00 00 00 00 00 00 00 00 00 00 00 00 00 00 00 00 00 00 00 00 00 00 00 00 00 00 00 00 00 00 00 00 00 00 00 00 00 00 00 00 00 00 00 00 00 00 00 00 00 00 00 00 00 00 00 00 00 00 00 00 00 00 00 16 85 81 00 
// 16 : INQY
88 33 0F 00 00 00 0F 00 81 00 
// 17 : DATA
88 33 04 00 80 02 00 00 00 00 00 00 00 00 00 00 00 00 00 00 00 00 00 00 00 00 00 00 00 00 00 00 00 00 00 00 00 00 00 00 00 00 00 00 00 00 00 00 00 00 00 00 00 00 00 00 00 00 00 00 00 00 00 00 00 00 00 00 00 00 00 00 00 00 00 00 00 00 00 00 00 00 00 00 00 00 00 00 00 00 00 00 00 00 00 00 00 00 00 00 00 00 41 41 41 41 41 41 41 41 61 61 3F 3F 00 00 00 00 11 11 19 19 09 09 09 09 0F 0F 0F 0F 00 00 00 00 10 10 18 18 08 08 08 08 08 08 0F 0F 00 00 00 00 F0 F0 80 80 C0 C0 FF FF 00 00 FF FF 78 78 3C 3C 10 10 10 10 10 10 F0 F0 50 50 D8 D8 0F 0F 0F 0F 01 01 02 02 F2 F2 F1 F1 F8 F8 C8 C8 87 87 00 00 21 21 30 30 10 10 18 18 8C 8C 87 87 80 80 00 00 82 82 82 82 DC DC 60 60 01 01 06 06 F8 F8 00 00 20 20 20 20 40 40 80 80 00 00 00 00 00 00 00 00 00 00 00 00 00 00 00 00 00 00 00 00 00 00 00 00 00 00 00 00 00 00 00 00 00 00 00 00 00 00 00 00 00 00 00 00 00 00 00 00 00 00 00 00 00 00 00 00 00 00 00 00 00 00 00 00 00 00 00 00 00 00 00 00 00 00 00 00 00 00 00 00 00 00 00 00 00 00 00 00 00 00 00 00 00 00 00 00 00 00 00 00 00 00 00 00 00 00 00 00 00 00 00 00 00 00 00 00 00 00 00 00 00 00 00 00 00 00 00 00 00 00 00 00 00 00 00 00 00 00 00 00 00 00 00 00 00 00 00 00 00 00 00 00 00 00 00 00 00 00 00 00 00 00 00 00 00 00 00 00 00 00 00 00 00 00 00 00 00 00 00 00 00 00 00 00 00 00 00 00 00 00 00 00 00 00 00 00 00 00 00 00 00 00 00 00 00 00 00 00 00 00 00 00 00 00 00 00 00 00 00 00 00 00 00 00 00 00 00 00 00 00 00 00 1E 1E 0F 0F 07 07 03 03 01 01 00 00 00 00 00 00 1E 1E 3C 3C F8 F8 F0 F0 E0 E0 C0 C0 00 00 00 00 00 00 00 00 00 00 00 00 00 00 00 00 00 00 00 00 00 00 00 00 00 00 00 00 00 00 00 00 00 00 00 00 00 00 00 00 00 00 00 00 00 00 00 00 00 00 00 00 00 00 00 00 00 00 00 00 00 00 00 00 00 00 00 00 00 00 00 00 00 00 00 00 00 00 00 00 00 00 00 00 00 00 00 00 00 00 00 00 00 00 00 00 00 00 00 00 00 00 00 00 00 00 00 00 00 00 00 00 00 00 00 00 00 00 00 00 00 00 00 00 00 00 00 00 00 00 00 00 00 00 00 00 00 00 00 00 00 00 00 00 00 00 00 00 D4 30 81 00 
// 18 : INQY
88 33 0F 00 00 00 0F 00 81 00 
// 19 : DATA
88 33 04 00 00 00 04 00 81 00 
// 20 : PRNT
88 33 02 00 04 00 01 13 E4 40 3E 01 81 00 
// 21 : INQY
88 33 0F 00 00 00 0F 00 81 04 
// 22 : INQY
88 33 0F 00 00 00 0F 00 81 06 
// 23 : INQY
88 33 0F 00 00 00 0F 00 81 06 
// 24 : INQY
88 33 0F 00 00 00 0F 00 81 06 
// 25 : INQY
88 33 0F 00 00 00 0F 00 81 06 
// 26 : INQY
88 33 0F 00 00 00 0F 00 81 06 
// 27 : INQY
88 33 0F 00 00 00 0F 00 81 06 
// 28 : INQY
88 33 0F 00 00 00 0F 00 81 06 
// 29 : INQY
88 33 0F 00 00 00 0F 00 81 06 
// 30 : INQY
88 33 0F 00 00 00 0F 00 81 06 
// 31 : INQY
88 33 0F 00 00 00 0F 00 81 06 
// 32 : INQY
88 33 0F 00 00 00 0F 00 81 06 
// 33 : INQY
88 33 0F 00 00 00 0F 00 81 06 
// 34 : INQY
88 33 0F 00 00 00 0F 00 81 06 
// 35 : INQY
88 33 0F 00 00 00 0F 00 81 06 
// 36 : INQY
88 33 0F 00 00 00 0F 00 81 06 
// 37 : INQY
88 33 0F 00 00 00 0F 00 81 06 
// 38 : INQY
88 33 0F 00 00 00 0F 00 81 06 
// 39 : INQY
88 33 0F 00 00 00 0F 00 81 06 
// 40 : INQY
88 33 0F 00 00 00 0F 00 81 06 
// 41 : INQY
88 33 0F 00 00 00 0F 00 81 06 
// 42 : INQY
88 33 0F 00 00 00 0F 00 81 06 
// 43 : INQY
88 33 0F 00 00 00 0F 00 81 06 
// 44 : INQY
88 33 0F 00 00 00 0F 00 81 06 
// 45 : INQY
88 33 0F 00 00 00 0F 00 81 06 
// 46 : INQY
88 33 0F 00 00 00 0F 00 81 06 
// 47 : INQY
88 33 0F 00 00 00 0F 00 81 06 
// 48 : INQY
88 33 0F 00 00 00 0F 00 81 06 
// 49 : INQY
88 33 0F 00 00 00 0F 00 81 06 
// 50 : INQY
88 33 0F 00 00 00 0F 00 81 06 
// 51 : INQY
88 33 0F 00 00 00 0F 00 81 06 
// 52 : INQY
88 33 0F 00 00 00 0F 00 81 06 
// 53 : INQY
88 33 0F 00 00 00 0F 00 81 06 
// 54 : INQY
88 33 0F 00 00 00 0F 00 81 06 
// 55 : INQY
88 33 0F 00 00 00 0F 00 81 06 
// 56 : INQY
88 33 0F 00 00 00 0F 00 81 06 
// 57 : INQY
88 33 0F 00 00 00 0F 00 81 06 
// 58 : INQY
88 33 0F 00 00 00 0F 00 81 06 
// 59 : INQY
88 33 0F 00 00 00 0F 00 81 06 
// 60 : INQY
88 33 0F 00 00 00 0F 00 81 06 
// 61 : INQY
88 33 0F 00 00 00 0F 00 81 06 
// 62 : INQY
88 33 0F 00 00 00 0F 00 81 06 
// 63 : INQY
88 33 0F 00 00 00 0F 00 81 06 
// 64 : INQY
88 33 0F 00 00 00 0F 00 81 06 
// 65 : INQY
88 33 0F 00 00 00 0F 00 81 06 
// 66 : INQY
88 33 0F 00 00 00 0F 00 81 06 
// 67 : INQY
88 33 0F 00 00 00 0F 00 81 06 
// 68 : INQY
88 33 0F 00 00 00 0F 00 81 06 
// 69 : INQY
88 33 0F 00 00 00 0F 00 81 06 
// 70 : INQY
88 33 0F 00 00 00 0F 00 81 06 
// 71 : INQY
88 33 0F 00 00 00 0F 00 81 06 
// 72 : INQY
88 33 0F 00 00 00 0F 00 81 06 
// 73 : INQY
88 33 0F 00 00 00 0F 00 81 06 
// 74 : INQY
88 33 0F 00 00 00 0F 00 81 06 
// 75 : INQY
88 33 0F 00 00 00 0F 00 81 06 
// 76 : INQY
88 33 0F 00 00 00 0F 00 81 06 
// 77 : INQY
88 33 0F 00 00 00 0F 00 81 06 
// 78 : INQY
88 33 0F 00 00 00 0F 00 81 06 
// 79 : INQY
88 33 0F 00 00 00 0F 00 81 06 
// 80 : INQY
88 33 0F 00 00 00 0F 00 81 06 
// 81 : INQY
88 33 0F 00 00 00 0F 00 81 06 
// 82 : INQY
88 33 0F 00 00 00 0F 00 81 06 
// 83 : INQY
88 33 0F 00 00 00 0F 00 81 06 
// 84 : INQY
88 33 0F 00 00 00 0F 00 81 06 
// 85 : INQY
88 33 0F 00 00 00 0F 00 81 06 
// 86 : INQY
88 33 0F 00 00 00 0F 00 81 06 
// 87 : INQY
88 33 0F 00 00 00 0F 00 81 06 
// 88 : INQY
88 33 0F 00 00 00 0F 00 81 06 
// 89 : INQY
88 33 0F 00 00 00 0F 00 81 06 
// 90 : INQY
88 33 0F 00 00 00 0F 00 81 06 
// 91 : INQY
88 33 0F 00 00 00 0F 00 81 06 
// 92 : INQY
88 33 0F 00 00 00 0F 00 81 06 
// 93 : INQY
88 33 0F 00 00 00 0F 00 81 06 
// 94 : INQY
88 33 0F 00 00 00 0F 00 81 06 
// 95 : INQY
88 33 0F 00 00 00 0F 00 81 06 
// 96 : INQY
88 33 0F 00 00 00 0F 00 81 06 
// 97 : INQY
88 33 0F 00 00 00 0F 00 81 06 
// 98 : INQY
88 33 0F 00 00 00 0F 00 81 06 
// 99 : INQY
88 33 0F 00 00 00 0F 00 81 06 
// 100 : INQY
88 33 0F 00 00 00 0F 00 81 06 
// 101 : INQY
88 33 0F 00 00 00 0F 00 81 06 
// 102 : INQY
88 33 0F 00 00 00 0F 00 81 06 
// 103 : INQY
88 33 0F 00 00 00 0F 00 81 06 
// 104 : INQY
88 33 0F 00 00 00 0F 00 81 06 
// 105 : INQY
88 33 0F 00 00 00 0F 00 81 06 
// 106 : INQY
88 33 0F 00 00 00 0F 00 81 06 
// 107 : INQY
88 33 0F 00 00 00 0F 00 81 06 
// 108 : INQY
88 33 0F 00 00 00 0F 00 81 06 
// 109 : INQY
88 33 0F 00 00 00 0F 00 81 06 
// 110 : INQY
88 33 0F 00 00 00 0F 00 81 06 
// 111 : INQY
88 33 0F 00 00 00 0F 00 81 06 
// 112 : INQY
88 33 0F 00 00 00 0F 00 81 06 
// 113 : INQY
88 33 0F 00 00 00 0F 00 81 06 
// 114 : INQY
88 33 0F 00 00 00 0F 00 81 06 
// 115 : INQY
88 33 0F 00 00 00 0F 00 81 06 
// 116 : INQY
88 33 0F 00 00 00 0F 00 81 06 
// 117 : INQY
88 33 0F 00 00 00 0F 00 81 06 
// 118 : INQY
88 33 0F 00 00 00 0F 00 81 06 
// 119 : INQY
88 33 0F 00 00 00 0F 00 81 06 
// 120 : INQY
88 33 0F 00 00 00 0F 00 81 06 
// 121 : INQY
88 33 0F 00 00 00 0F 00 81 06 
// 122 : INQY
88 33 0F 00 00 00 0F 00 81 06 
// 123 : INQY
88 33 0F 00 00 00 0F 00 81 06 
// 124 : INQY
88 33 0F 00 00 00 0F 00 81 06 
// 125 : INQY
88 33 0F 00 00 00 0F 00 81 06 
// 126 : INQY
88 33 0F 00 00 00 0F 00 81 06 
// 127 : INQY
88 33 0F 00 00 00 0F 00 81 06 
// 128 : INQY
88 33 0F 00 00 00 0F 00 81 06 
// 129 : INQY
88 33 0F 00 00 00 0F 00 81 06 
// 130 : INQY
88 33 0F 00 00 00 0F 00 81 06 
// 131 : INQY
88 33 0F 00 00 00 0F 00 81 06 
// 132 : INQY
88 33 0F 00 00 00 0F 00 81 06 
// 133 : INQY
88 33 0F 00 00 00 0F 00 81 06 
// 134 : INQY
88 33 0F 00 00 00 0F 00 81 06 
// 135 : INQY
88 33 0F 00 00 00 0F 00 81 06 
// 136 : INQY
88 33 0F 00 00 00 0F 00 81 06 
// 137 : INQY
88 33 0F 00 00 00 0F 00 81 06 
// 138 : INQY
88 33 0F 00 00 00 0F 00 81 06 
// 139 : INQY
88 33 0F 00 00 00 0F 00 81 06 
// 140 : INQY
88 33 0F 00 00 00 0F 00 81 06 
// 141 : INQY
88 33 0F 00 00 00 0F 00 81 06 
// 142 : INQY
88 33 0F 00 00 00 0F 00 81 06 
// 143 : INQY
88 33 0F 00 00 00 0F 00 81 06 
// 144 : INQY
88 33 0F 00 00 00 0F 00 81 06 
// 145 : INQY
88 33 0F 00 00 00 0F 00 81 06 
// 146 : INQY
88 33 0F 00 00 00 0F 00 81 06 
// 147 : INQY
88 33 0F 00 00 00 0F 00 81 06 
// 148 : INQY
88 33 0F 00 00 00 0F 00 81 06 
// 149 : INQY
88 33 0F 00 00 00 0F 00 81 06 
// 150 : INQY
88 33 0F 00 00 00 0F 00 81 06 
// 151 : INQY
88 33 0F 00 00 00 0F 00 81 06 
// 152 : INQY
88 33 0F 00 00 00 0F 00 81 06 
// 153 : INQY
88 33 0F 00 00 00 0F 00 81 06 
// 154 : INQY
88 33 0F 00 00 00 0F 00 81 06 
// 155 : INQY
88 33 0F 00 00 00 0F 00 81 06 
// 156 : INQY
88 33 0F 00 00 00 0F 00 81 06 
// 157 : INQY
88 33 0F 00 00 00 0F 00 81 06 
// 158 : INQY
88 33 0F 00 00 00 0F 00 81 06 
// 159 : INQY
88 33 0F 00 00 00 0F 00 81 06 
// 160 : INQY
88 33 0F 00 00 00 0F 00 81 06 
// 161 : INQY
88 33 0F 00 00 00 0F 00 81 06 
// 162 : INQY
88 33 0F 00 00 00 0F 00 81 06 
// 163 : INQY
88 33 0F 00 00 00 0F 00 81 06 
// 164 : INQY
88 33 0F 00 00 00 0F 00 81 06 
// 165 : INQY
88 33 0F 00 00 00 0F 00 81 06 
// 166 : INQY
88 33 0F 00 00 00 0F 00 81 06 
// 167 : INQY
88 33 0F 00 00 00 0F 00 81 06 
// 168 : INQY
88 33 0F 00 00 00 0F 00 81 06 
// 169 : INQY
88 33 0F 00 00 00 0F 00 81 06 
// 170 : INQY
88 33 0F 00 00 00 0F 00 81 06 
// 171 : INQY
88 33 0F 00 00 00 0F 00 81 06 
// 172 : INQY
88 33 0F 00 00 00 0F 00 81 06 
// 173 : INQY
88 33 0F 00 00 00 0F 00 81 06 
// 174 : INQY
88 33 0F 00 00 00 0F 00 81 06 
// 175 : INQY
88 33 0F 00 00 00 0F 00 81 06 
// 176 : INQY
88 33 0F 00 00 00 0F 00 81 06 
// 177 : INQY
88 33 0F 00 00 00 0F 00 81 06 
// 178 : INQY
88 33 0F 00 00 00 0F 00 81 06 
// 179 : INQY
88 33 0F 00 00 00 0F 00 81 06 
// 180 : INQY
88 33 0F 00 00 00 0F 00 81 06 
// 181 : INQY
88 33 0F 00 00 00 0F 00 81 06 
// 182 : INQY
88 33 0F 00 00 00 0F 00 81 06 
// 183 : INQY
88 33 0F 00 00 00 0F 00 81 06 
// 184 : INQY
88 33 0F 00 00 00 0F 00 81 06 
// 185 : INQY
88 33 0F 00 00 00 0F 00 81 06 
// 186 : INQY
88 33 0F 00 00 00 0F 00 81 06 
// 187 : INQY
88 33 0F 00 00 00 0F 00 81 06 
// 188 : INQY
88 33 0F 00 00 00 0F 00 81 06 
// 189 : INQY
88 33 0F 00 00 00 0F 00 81 06 
// 190 : INQY
88 33 0F 00 00 00 0F 00 81 06 
// 191 : INQY
88 33 0F 00 00 00 0F 00 81 06 
// 192 : INQY
88 33 0F 00 00 00 0F 00 81 06 
// 193 : INQY
88 33 0F 00 00 00 0F 00 81 06 
// 194 : INQY
88 33 0F 00 00 00 0F 00 81 06 
// 195 : INQY
88 33 0F 00 00 00 0F 00 81 06 
// 196 : INQY
88 33 0F 00 00 00 0F 00 81 06 
// 197 : INQY
88 33 0F 00 00 00 0F 00 81 06 
// 198 : INQY
88 33 0F 00 00 00 0F 00 81 06 
// 199 : INQY
88 33 0F 00 00 00 0F 00 81 06 
// 200 : INQY
88 33 0F 00 00 00 0F 00 81 06 
// 201 : INQY
88 33 0F 00 00 00 0F 00 81 06 
// 202 : INQY
88 33 0F 00 00 00 0F 00 81 06 
// 203 : INQY
88 33 0F 00 00 00 0F 00 81 06 
// 204 : INQY
88 33 0F 00 00 00 0F 00 81 06 
// 205 : INQY
88 33 0F 00 00 00 0F 00 81 06 
// 206 : INQY
88 33 0F 00 00 00 0F 00 81 06 
// 207 : INQY
88 33 0F 00 00 00 0F 00 81 06 
// 208 : INQY
88 33 0F 00 00 00 0F 00 81 06 
// 209 : INQY
88 33 0F 00 00 00 0F 00 81 06 
// 210 : INQY
88 33 0F 00 00 00 0F 00 81 06 
// 211 : INQY
88 33 0F 00 00 00 0F 00 81 06 
// 212 : INQY
88 33 0F 00 00 00 0F 00 81 06 
// 213 : INQY
88 33 0F 00 00 00 0F 00 81 06 
// 214 : INQY
88 33 0F 00 00 00 0F 00 81 06 
// 215 : INQY
88 33 0F 00 00 00 0F 00 81 06 
// 216 : INQY
88 33 0F 00 00 00 0F 00 81 06 
// 217 : INQY
88 33 0F 00 00 00 0F 00 81 06 
// 218 : INQY
88 33 0F 00 00 00 0F 00 81 06 
// 219 : INQY
88 33 0F 00 00 00 0F 00 81 06 
// 220 : INQY
88 33 0F 00 00 00 0F 00 81 06 
// 221 : INQY
88 33 0F 00 00 00 0F 00 81 06 
// 222 : INQY
88 33 0F 00 00 00 0F 00 81 06 
// 223 : INQY
88 33 0F 00 00 00 0F 00 81 06 
// 224 : INQY
88 33 0F 00 00 00 0F 00 81 06 
// 225 : INQY
88 33 0F 00 00 00 0F 00 81 06 
// 226 : INQY
88 33 0F 00 00 00 0F 00 81 06 
// 227 : INQY
88 33 0F 00 00 00 0F 00 81 06 
// 228 : INQY
88 33 0F 00 00 00 0F 00 81 06 
// 229 : INQY
88 33 0F 00 00 00 0F 00 81 06 
// 230 : INQY
88 33 0F 00 00 00 0F 00 81 06 
// 231 : INQY
88 33 0F 00 00 00 0F 00 81 06 
// 232 : INQY
88 33 0F 00 00 00 0F 00 81 06 
// 233 : INQY
88 33 0F 00 00 00 0F 00 81 06 
// 234 : INQY
88 33 0F 00 00 00 0F 00 81 06 
// 235 : INQY
88 33 0F 00 00 00 0F 00 81 06 
// 236 : INQY
88 33 0F 00 00 00 0F 00 81 06 
// 237 : INQY
88 33 0F 00 00 00 0F 00 81 06 
// 238 : INQY
88 33 0F 00 00 00 0F 00 81 06 
// 239 : INQY
88 33 0F 00 00 00 0F 00 81 06 
// 240 : INQY
88 33 0F 00 00 00 0F 00 81 06 
// 241 : INQY
88 33 0F 00 00 00 0F 00 81 06 
// 242 : INQY
88 33 0F 00 00 00 0F 00 81 06 
// 243 : INQY
88 33 0F 00 00 00 0F 00 81 06 
// 244 : INQY
88 33 0F 00 00 00 0F 00 81 06 
// 245 : INQY
88 33 0F 00 00 00 0F 00 81 06 
// 246 : INQY
88 33 0F 00 00 00 0F 00 81 06 
// 247 : INQY
88 33 0F 00 00 00 0F 00 81 06 
// 248 : INQY
88 33 0F 00 00 00 0F 00 81 06 
// 249 : INQY
88 33 0F 00 00 00 0F 00 81 06 
// 250 : INQY
88 33 0F 00 00 00 0F 00 81 06 
// 251 : INQY
88 33 0F 00 00 00 0F 00 81 06 
// 252 : INQY
88 33 0F 00 00 00 0F 00 81 06 
// 253 : INQY
88 33 0F 00 00 00 0F 00 81 06 
// 254 : INQY
88 33 0F 00 00 00 0F 00 81 06 
// 255 : INQY
88 33 0F 00 00 00 0F 00 81 06 
// 256 : INQY
88 33 0F 00 00 00 0F 00 81 06 
// 257 : INQY
88 33 0F 00 00 00 0F 00 81 06 
// 258 : INQY
88 33 0F 00 00 00 0F 00 81 06 
// 259 : INQY
88 33 0F 00 00 00 0F 00 81 06 
// 260 : INQY
88 33 0F 00 00 00 0F 00 81 06 
// 261 : INQY
88 33 0F 00 00 00 0F 00 81 06 
// 262 : INQY
88 33 0F 00 00 00 0F 00 81 06 
// 263 : INQY
88 33 0F 00 00 00 0F 00 81 06 
// 264 : INQY
88 33 0F 00 00 00 0F 00 81 06 
// 265 : INQY
88 33 0F 00 00 00 0F 00 81 06 
// 266 : INQY
88 33 0F 00 00 00 0F 00 81 06 
// 267 : INQY
88 33 0F 00 00 00 0F 00 81 06 
// 268 : INQY
88 33 0F 00 00 00 0F 00 81 06 
// 269 : INQY
88 33 0F 00 00 00 0F 00 81 06 
// 270 : INQY
88 33 0F 00 00 00 0F 00 81 06 
// 271 : INQY
88 33 0F 00 00 00 0F 00 81 06 
// 272 : INQY
88 33 0F 00 00 00 0F 00 81 06 
// 273 : INQY
88 33 0F 00 00 00 0F 00 81 06 
// 274 : INQY
88 33 0F 00 00 00 0F 00 81 06 
// 275 : INQY
88 33 0F 00 00 00 0F 00 81 06 
// 276 : INQY
88 33 0F 00 00 00 0F 00 81 06 
// 277 : INQY
88 33 0F 00 00 00 0F 00 81 06 
// 278 : INQY
88 33 0F 00 00 00 0F 00 81 06 
// 279 : INQY
88 33 0F 00 00 00 0F 00 81 06 
// 280 : INQY
88 33 0F 00 00 00 0F 00 81 06 
// 281 : INQY
88 33 0F 00 00 00 0F 00 81 06 
// 282 : INQY
88 33 0F 00 00 00 0F 00 81 06 
// 283 : INQY
88 33 0F 00 00 00 0F 00 81 06 
// 284 : INQY
88 33 0F 00 00 00 0F 00 81 06 
// 285 : INQY
88 33 0F 00 00 00 0F 00 81 06 
// 286 : INQY
88 33 0F 00 00 00 0F 00 81 06 
// 287 : INQY
88 33 0F 00 00 00 0F 00 81 06 
// 288 : INQY
88 33 0F 00 00 00 0F 00 81 06 
// 289 : INQY
88 33 0F 00 00 00 0F 00 81 06 
// 290 : INQY
88 33 0F 00 00 00 0F 00 81 06 
// 291 : INQY
88 33 0F 00 00 00 0F 00 81 06 
// 292 : INQY
88 33 0F 00 00 00 0F 00 81 06 
// 293 : INQY
88 33 0F 00 00 00 0F 00 81 06 
// 294 : INQY
88 33 0F 00 00 00 0F 00 81 06 
// 295 : INQY
88 33 0F 00 00 00 0F 00 81 06 
// 296 : INQY
88 33 0F 00 00 00 0F 00 81 06 
// 297 : INQY
88 33 0F 00 00 00 0F 00 81 06 
// 298 : INQY
88 33 0F 00 00 00 0F 00 81 06 
// 299 : INQY
88 33 0F 00 00 00 0F 00 81 06 
// 300 : INQY
88 33 0F 00 00 00 0F 00 81 06 
// 301 : INQY
88 33 0F 00 00 00 0F 00 81 06 
// 302 : INQY
88 33 0F 00 00 00 0F 00 81 06 
// 303 : INQY
88 33 0F 00 00 00 0F 00 81 06 
// 304 : INQY
88 33 0F 00 00 00 0F 00 81 06 
// 305 : INQY
88 33 0F 00 00 00 0F 00 81 06 
// 306 : INQY
88 33 0F 00 00 00 0F 00 81 06 
// 307 : INQY
88 33 0F 00 00 00 0F 00 81 06 
// 308 : INQY
88 33 0F 00 00 00 0F 00 81 06 
// 309 : INQY
88 33 0F 00 00 00 0F 00 81 06 
// 310 : INQY
88 33 0F 00 00 00 0F 00 81 06 
// 311 : INQY
88 33 0F 00 00 00 0F 00 81 06 
// 312 : INQY
88 33 0F 00 00 00 0F 00 81 06 
// 313 : INQY
88 33 0F 00 00 00 0F 00 81 06 
// 314 : INQY
88 33 0F 00 00 00 0F 00 81 06 
// 315 : INQY
88 33 0F 00 00 00 0F 00 81 06 
// 316 : INQY
88 33 0F 00 00 00 0F 00 81 06 
// 317 : INQY
88 33 0F 00 00 00 0F 00 81 06 
// 318 : INQY
88 33 0F 00 00 00 0F 00 81 06 
// 319 : INQY
88 33 0F 00 00 00 0F 00 81 06 
// 320 : INQY
88 33 0F 00 00 00 0F 00 81 06 
// 321 : INQY
88 33 0F 00 00 00 0F 00 81 06 
// 322 : INQY
88 33 0F 00 00 00 0F 00 81 06 
// 323 : INQY
88 33 0F 00 00 00 0F 00 81 06 
// 324 : INQY
88 33 0F 00 00 00 0F 00 81 06 
// 325 : INQY
88 33 0F 00 00 00 0F 00 81 06 
// 326 : INQY
88 33 0F 00 00 00 0F 00 81 06 
// 327 : INQY
88 33 0F 00 00 00 0F 00 81 06 
// 328 : INQY
88 33 0F 00 00 00 0F 00 81 06 
// 329 : INQY
88 33 0F 00 00 00 0F 00 81 06 
// 330 : INQY
88 33 0F 00 00 00 0F 00 81 06 
// 331 : INQY
88 33 0F 00 00 00 0F 00 81 06 
// 332 : INQY
88 33 0F 00 00 00 0F 00 81 06 
// 333 : INQY
88 33 0F 00 00 00 0F 00 81 06 
// 334 : INQY
88 33 0F 00 00 00 0F 00 81 06 
// 335 : INQY
88 33 0F 00 00 00 0F 00 81 06 
// 336 : INQY
88 33 0F 00 00 00 0F 00 81 06 
// 337 : INQY
88 33 0F 00 00 00 0F 00 81 06 
// 338 : INQY
88 33 0F 00 00 00 0F 00 81 06 
// 339 : INQY
88 33 0F 00 00 00 0F 00 81 06 
// 340 : INQY
88 33 0F 00 00 00 0F 00 81 06 
// 341 : INQY
88 33 0F 00 00 00 0F 00 81 06 
// 342 : INQY
88 33 0F 00 00 00 0F 00 81 06 
// 343 : INQY
88 33 0F 00 00 00 0F 00 81 06 
// 344 : INQY
88 33 0F 00 00 00 0F 00 81 06 
// 345 : INQY
88 33 0F 00 00 00 0F 00 81 06 
// 346 : INQY
88 33 0F 00 00 00 0F 00 81 06 
// 347 : INQY
88 33 0F 00 00 00 0F 00 81 06 
// 348 : INQY
88 33 0F 00 00 00 0F 00 81 06 
// 349 : INQY
88 33 0F 00 00 00 0F 00 81 06 
// 350 : INQY
88 33 0F 00 00 00 0F 00 81 06 
// 351 : INQY
88 33 0F 00 00 00 0F 00 81 06 
// 352 : INQY
88 33 0F 00 00 00 0F 00 81 06 
// 353 : INQY
88 33 0F 00 00 00 0F 00 81 06 
// 354 : INQY
88 33 0F 00 00 00 0F 00 81 06 
// 355 : INQY
88 33 0F 00 00 00 0F 00 81 06 
// 356 : INQY
88 33 0F 00 00 00 0F 00 81 06 
// 357 : INQY
88 33 0F 00 00 00 0F 00 81 06 
// 358 : INQY
88 33 0F 00 00 00 0F 00 81 06 
// 359 : INQY
88 33 0F 00 00 00 0F 00 81 06 
// 360 : INQY
88 33 0F 00 00 00 0F 00 81 06 
// 361 : INQY
88 33 0F 00 00 00 0F 00 81 06 
// 362 : INQY
88 33 0F 00 00 00 0F 00 81 06 
// 363 : INQY
88 33 0F 00 00 00 0F 00 81 06 
// 364 : INQY
88 33 0F 00 00 00 0F 00 81 06 
// 365 : INQY
88 33 0F 00 00 00 0F 00 81 06 
// 366 : INQY
88 33 0F 00 00 00 0F 00 81 06 
// 367 : INQY
88 33 0F 00 00 00 0F 00 81 06 
// 368 : INQY
88 33 0F 00 00 00 0F 00 81 06 
// 369 : INQY
88 33 0F 00 00 00 0F 00 81 06 
// 370 : INQY
88 33 0F 00 00 00 0F 00 81 06 
// 371 : INQY
88 33 0F 00 00 00 0F 00 81 06 
// 372 : INQY
88 33 0F 00 00 00 0F 00 81 06 
// 373 : INQY
88 33 0F 00 00 00 0F 00 81 06 
// 374 : INQY
88 33 0F 00 00 00 0F 00 81 06 
// 375 : INQY
88 33 0F 00 00 00 0F 00 81 06 
// 376 : INQY
88 33 0F 00 00 00 0F 00 81 06 
// 377 : INQY
88 33 0F 00 00 00 0F 00 81 06 
// 378 : INQY
88 33 0F 00 00 00 0F 00 81 06 
// 379 : INQY
88 33 0F 00 00 00 0F 00 81 06 
// 380 : INQY
88 33 0F 00 00 00 0F 00 81 06 
// 381 : INQY
88 33 0F 00 00 00 0F 00 81 06 
// 382 : INQY
88 33 0F 00 00 00 0F 00 81 06 
// 383 : INQY
88 33 0F 00 00 00 0F 00 81 06 
// 384 : INQY
88 33 0F 00 00 00 0F 00 81 06 
// 385 : INQY
88 33 0F 00 00 00 0F 00 81 06 
// 386 : INQY
88 33 0F 00 00 00 0F 00 81 06 
// 387 : INQY
88 33 0F 00 00 00 0F 00 81 06 
// 388 : INQY
88 33 0F 00 00 00 0F 00 81 06 
// 389 : INQY
88 33 0F 00 00 00 0F 00 81 06 
// 390 : INQY
88 33 0F 00 00 00 0F 00 81 06 
// 391 : INQY
88 33 0F 00 00 00 0F 00 81 06 
// 392 : INQY
88 33 0F 00 00 00 0F 00 81 06 
// 393 : INQY
88 33 0F 00 00 00 0F 00 81 06 
// 394 : INQY
88 33 0F 00 00 00 0F 00 81 06 
// 395 : INQY
88 33 0F 00 00 00 0F 00 81 06 
// 396 : INQY
88 33 0F 00 00 00 0F 00 81 06 
// 397 : INQY
88 33 0F 00 00 00 0F 00 81 06 
// 398 : INQY
88 33 0F 00 00 00 0F 00 81 06 
// 399 : INQY
88 33 0F 00 00 00 0F 00 81 06 
// 400 : INQY
88 33 0F 00 00 00 0F 00 81 06 
// 401 : INQY
88 33 0F 00 00 00 0F 00 81 06 
// 402 : INQY
88 33 0F 00 00 00 0F 00 81 06 
// 403 : INQY
88 33 0F 00 00 00 0F 00 81 06 
// 404 : INQY
88 33 0F 00 00 00 0F 00 81 06 
// 405 : INQY
88 33 0F 00 00 00 0F 00 81 06 
// 406 : INQY
88 33 0F 00 00 00 0F 00 81 06 
// 407 : INQY
88 33 0F 00 00 00 0F 00 81 06 
// 408 : INQY
88 33 0F 00 00 00 0F 00 81 06 
// 409 : INQY
88 33 0F 00 00 00 0F 00 81 06 
// 410 : INQY
88 33 0F 00 00 00 0F 00 81 06 
// 411 : INQY
88 33 0F 00 00 00 0F 00 81 06 
// 412 : INQY
88 33 0F 00 00 00 0F 00 81 06 
// 413 : INQY
88 33 0F 00 00 00 0F 00 81 06 
// 414 : INQY
88 33 0F 00 00 00 0F 00 81 06 
// 415 : INQY
88 33 0F 00 00 00 0F 00 81 06 
// 416 : INQY
88 33 0F 00 00 00 0F 00 81 06 
// 417 : INQY
88 33 0F 00 00 00 0F 00 81 06 
// 418 : INQY
88 33 0F 00 00 00 0F 00 81 06 
// 419 : INQY
88 33 0F 00 00 00 0F 00 81 06 
// 420 : INQY
88 33 0F 00 00 00 0F 00 81 06 
// 421 : INQY
88 33 0F 00 00 00 0F 00 81 06 
// 422 : INQY
88 33 0F 00 00 00 0F 00 81 06 
// 423 : INQY
88 33 0F 00 00 00 0F 00 81 06 
// 424 : INQY
88 33 0F 00 00 00 0F 00 81 06 
// 425 : INQY
88 33 0F 00 00 00 0F 00 81 06 
// 426 : INQY
88 33 0F 00 00 00 0F 00 81 06 
// 427 : INQY
88 33 0F 00 00 00 0F 00 81 06 
// 428 : INQY
88 33 0F 00 00 00 0F 00 81 06 
// 429 : INQY
88 33 0F 00 00 00 0F 00 81 06 
// 430 : INQY
88 33 0F 00 00 00 0F 00 81 06 
// 431 : INQY
88 33 0F 00 00 00 0F 00 81 06 
// 432 : INQY
88 33 0F 00 00 00 0F 00 81 06 
// 433 : INQY
88 33 0F 00 00 00 0F 00 81 06 
// 434 : INQY
88 33 0F 00 00 00 0F 00 81 06 
// 435 : INQY
88 33 0F 00 00 00 0F 00 81 06 
// 436 : INQY
88 33 0F 00 00 00 0F 00 81 06 
// 437 : INQY
88 33 0F 00 00 00 0F 00 81 06 
// 438 : INQY
88 33 0F 00 00 00 0F 00 81 06 
// 439 : INQY
88 33 0F 00 00 00 0F 00 81 06 
// 440 : INQY
88 33 0F 00 00 00 0F 00 81 06 
// 441 : INQY
88 33 0F 00 00 00 0F 00 81 06 
// 442 : INQY
88 33 0F 00 00 00 0F 00 81 06 
// 443 : INQY
88 33 0F 00 00 00 0F 00 81 06 
// 444 : INQY
88 33 0F 00 00 00 0F 00 81 06 
// 445 : INQY
88 33 0F 00 00 00 0F 00 81 06 
// 446 : INQY
88 33 0F 00 00 00 0F 00 81 06 
// 447 : INQY
88 33 0F 00 00 00 0F 00 81 06 
// 448 : INQY
88 33 0F 00 00 00 0F 00 81 06 
// 449 : INQY
88 33 0F 00 00 00 0F 00 81 06 
// 450 : INQY
88 33 0F 00 00 00 0F 00 81 06 
// 451 : INQY
88 33 0F 00 00 00 0F 00 81 06 
// 452 : INQY
88 33 0F 00 00 00 0F 00 81 06 
// 453 : INQY
88 33 0F 00 00 00 0F 00 81 06 
// 454 : INQY
88 33 0F 00 00 00 0F 00 81 06 
// 455 : INQY
88 33 0F 00 00 00 0F 00 81 06 
// 456 : INQY
88 33 0F 00 00 00 0F 00 81 06 
// 457 : INQY
88 33 0F 00 00 00 0F 00 81 06 
// 458 : INQY
88 33 0F 00 00 00 0F 00 81 06 
// 459 : INQY
88 33 0F 00 00 00 0F 00 81 06 
// 460 : INQY
88 33 0F 00 00 00 0F 00 81 06 
// 461 : INQY
88 33 0F 00 00 00 0F 00 81 06 
// 462 : INQY
88 33 0F 00 00 00 0F 00 81 06 
// 463 : INQY
88 33 0F 00 00 00 0F 00 81 06 
// 464 : INQY
88 33 0F 00 00 00 0F 00 81 06 
// 465 : INQY
88 33 0F 00 00 00 0F 00 81 06 
// 466 : INQY
88 33 0F 00 00 00 0F 00 81 06 
// 467 : INQY
88 33 0F 00 00 00 0F 00 81 06 
// 468 : INQY
88 33 0F 00 00 00 0F 00 81 06 
// 469 : INQY
88 33 0F 00 00 00 0F 00 81 06 
// 470 : INQY
88 33 0F 00 00 00 0F 00 81 06 
// 471 : INQY
88 33 0F 00 00 00 0F 00 81 06 
// 472 : INQY
88 33 0F 00 00 00 0F 00 81 06 
// 473 : INQY
88 33 0F 00 00 00 0F 00 81 06 
// 474 : INQY
88 33 0F 00 00 00 0F 00 81 06 
// 475 : INQY
88 33 0F 00 00 00 0F 00 81 06 
// 476 : INQY
88 33 0F 00 00 00 0F 00 81 06 
// 477 : INQY
88 33 0F 00 00 00 0F 00 81 06 
// 478 : INQY
88 33 0F 00 00 00 0F 00 81 06 
// 479 : INQY
88 33 0F 00 00 00 0F 00 81 06 
// 480 : INQY
88 33 0F 00 00 00 0F 00 81 06 
// 481 : INQY
88 33 0F 00 00 00 0F 00 81 06 
// 482 : INQY
88 33 0F 00 00 00 0F 00 81 06 
// 483 : INQY
88 33 0F 00 00 00 0F 00 81 06 
// 484 : INQY
88 33 0F 00 00 00 0F 00 81 06 
// 485 : INQY
88 33 0F 00 00 00 0F 00 81 06 
// 486 : INQY
88 33 0F 00 00 00 0F 00 81 06 
// 487 : INQY
88 33 0F 00 00 00 0F 00 81 06 
// 488 : INQY
88 33 0F 00 00 00 0F 00 81 06 
// 489 : INQY
88 33 0F 00 00 00 0F 00 81 06 
// 490 : INQY
88 33 0F 00 00 00 0F 00 81 06 
// 491 : INQY
88 33 0F 00 00 00 0F 00 81 06 
// 492 : INQY
88 33 0F 00 00 00 0F 00 81 06 
// 493 : INQY
88 33 0F 00 00 00 0F 00 81 06 
// 494 : INQY
88 33 0F 00 00 00 0F 00 81 06 
// 495 : INQY
88 33 0F 00 00 00 0F 00 81 06 
// 496 : INQY
88 33 0F 00 00 00 0F 00 81 06 
// 497 : INQY
88 33 0F 00 00 00 0F 00 81 06 
// 498 : INQY
88 33 0F 00 00 00 0F 00 81 06 
// 499 : INQY
88 33 0F 00 00 00 0F 00 81 06 
// 500 : INQY
88 33 0F 00 00 00 0F 00 81 06 
// 501 : INQY
88 33 0F 00 00 00 0F 00 81 06 
// 502 : INQY
88 33 0F 00 00 00 0F 00 81 06 
// 503 : INQY
88 33 0F 00 00 00 0F 00 81 06 
// 504 : INQY
88 33 0F 00 00 00 0F 00 81 06 
// 505 : INQY
88 33 0F 00 00 00 0F 00 81 06 
// 506 : INQY
88 33 0F 00 00 00 0F 00 81 06 
// 507 : INQY
88 33 0F 00 00 00 0F 00 81 06 
// 508 : INQY
88 33 0F 00 00 00 0F 00 81 06 
// 509 : INQY
88 33 0F 00 00 00 0F 00 81 06 
// 510 : INQY
88 33 0F 00 00 00 0F 00 81 06 
// 511 : INQY
88 33 0F 00 00 00 0F 00 81 06 
// 512 : INQY
88 33 0F 00 00 00 0F 00 81 06 
// 513 : INQY
88 33 0F 00 00 00 0F 00 81 06 
// 514 : INQY
88 33 0F 00 00 00 0F 00 81 06 
// 515 : INQY
88 33 0F 00 00 00 0F 00 81 06 
// 516 : INQY
88 33 0F 00 00 00 0F 00 81 06 
// 517 : INQY
88 33 0F 00 00 00 0F 00 81 06 
// 518 : INQY
88 33 0F 00 00 00 0F 00 81 06 
// 519 : INQY
88 33 0F 00 00 00 0F 00 81 06 
// 520 : INQY
88 33 0F 00 00 00 0F 00 81 06 
// 521 : INQY
88 33 0F 00 00 00 0F 00 81 06 
// 522 : INQY
88 33 0F 00 00 00 0F 00 81 06 
// 523 : INQY
88 33 0F 00 00 00 0F 00 81 06 
// 524 : INQY
88 33 0F 00 00 00 0F 00 81 06 
// 525 : INQY
88 33 0F 00 00 00 0F 00 81 06 
// 526 : INQY
88 33 0F 00 00 00 0F 00 81 06 
// 527 : INQY
88 33 0F 00 00 00 0F 00 81 06 
// 528 : INQY
88 33 0F 00 00 00 0F 00 81 06 
// 529 : INQY
88 33 0F 00 00 00 0F 00 81 06 
// 530 : INQY
88 33 0F 00 00 00 0F 00 81 06 
// 531 : INQY
88 33 0F 00 00 00 0F 00 81 06 
// 532 : INQY
88 33 0F 00 00 00 0F 00 81 06 
// 533 : INQY
88 33 0F 00 00 00 0F 00 81 06 
// 534 : INQY
88 33 0F 00 00 00 0F 00 81 06 
// 535 : INQY
88 33 0F 00 00 00 0F 00 81 06 
// 536 : INQY
88 33 0F 00 00 00 0F 00 81 06 
// 537 : INQY
88 33 0F 00 00 00 0F 00 81 06 
// 538 : INQY
88 33 0F 00 00 00 0F 00 81 06 
// 539 : INQY
88 33 0F 00 00 00 0F 00 81 06 
// 540 : INQY
88 33 0F 00 00 00 0F 00 81 06 
// 541 : INQY
88 33 0F 00 00 00 0F 00 81 06 
// 542 : INQY
88 33 0F 00 00 00 0F 00 81 06 
// 543 : INQY
88 33 0F 00 00 00 0F 00 81 06 
// 544 : INQY
88 33 0F 00 00 00 0F 00 81 06 
// 545 : INQY
88 33 0F 00 00 00 0F 00 81 06 
// 546 : INQY
88 33 0F 00 00 00 0F 00 81 06 
// 547 : INQY
88 33 0F 00 00 00 0F 00 81 06 
// 548 : INQY
88 33 0F 00 00 00 0F 00 81 06 
// 549 : INQY
88 33 0F 00 00 00 0F 00 81 06 
// 550 : INQY
88 33 0F 00 00 00 0F 00 81 06 
// 551 : INQY
88 33 0F 00 00 00 0F 00 81 06 
// 552 : INQY
88 33 0F 00 00 00 0F 00 81 06 
// 553 : INQY
88 33 0F 00 00 00 0F 00 81 06 
// 554 : INQY
88 33 0F 00 00 00 0F 00 81 06 
// 555 : INQY
88 33 0F 00 00 00 0F 00 81 06 
// 556 : INQY
88 33 0F 00 00 00 0F 00 81 06 
// 557 : INQY
88 33 0F 00 00 00 0F 00 81 06 
// 558 : INQY
88 33 0F 00 00 00 0F 00 81 06 
// 559 : INQY
88 33 0F 00 00 00 0F 00 81 06 
// 560 : INQY
88 33 0F 00 00 00 0F 00 81 06 
// 561 : INQY
88 33 0F 00 00 00 0F 00 81 06 
// 562 : INQY
88 33 0F 00 00 00 0F 00 81 06 
// 563 : INQY
88 33 0F 00 00 00 0F 00 81 06 
// 564 : INQY
88 33 0F 00 00 00 0F 00 81 06 
// 565 : INQY
88 33 0F 00 00 00 0F 00 81 06 
// 566 : INQY
88 33 0F 00 00 00 0F 00 81 06 
// 567 : INQY
88 33 0F 00 00 00 0F 00 81 06 
// 568 : INQY
88 33 0F 00 00 00 0F 00 81 06 
// 569 : INQY
88 33 0F 00 00 00 0F 00 81 06 
// 570 : INQY
88 33 0F 00 00 00 0F 00 81 06 
// 571 : INQY
88 33 0F 00 00 00 0F 00 81 06 
// 572 : INQY
88 33 0F 00 00 00 0F 00 81 06 
// 573 : INQY
88 33 0F 00 00 00 0F 00 81 06 
// 574 : INQY
88 33 0F 00 00 00 0F 00 81 06 
// 575 : INQY
88 33 0F 00 00 00 0F 00 81 06 
// 576 : INQY
88 33 0F 00 00 00 0F 00 81 06 
// 577 : INQY
88 33 0F 00 00 00 0F 00 81 06 
// 578 : INQY
88 33 0F 00 00 00 0F 00 81 06 
// 579 : INQY
88 33 0F 00 00 00 0F 00 81 06 
// 580 : INQY
88 33 0F 00 00 00 0F 00 81 06 
// 581 : INQY
88 33 0F 00 00 00 0F 00 81 06 
// 582 : INQY
88 33 0F 00 00 00 0F 00 81 06 
// 583 : INQY
88 33 0F 00 00 00 0F 00 81 06 
// 584 : INQY
88 33 0F 00 00 00 0F 00 81 06 
// 585 : INQY
88 33 0F 00 00 00 0F 00 81 06 
// 586 : INQY
88 33 0F 00 00 00 0F 00 81 06 
// 587 : INQY
88 33 0F 00 00 00 0F 00 81 06 
// 588 : INQY
88 33 0F 00 00 00 0F 00 81 06 
// 589 : INQY
88 33 0F 00 00 00 0F 00 81 06 
// 590 : INQY
88 33 0F 00 00 00 0F 00 81 06 
// 591 : INQY
88 33 0F 00 00 00 0F 00 81 06 
// 592 : INQY
88 33 0F 00 00 00 0F 00 81 06 
// 593 : INQY
88 33 0F 00 00 00 0F 00 81 06 
// 594 : INQY
88 33 0F 00 00 00 0F 00 81 06 
// 595 : INQY
88 33 0F 00 00 00 0F 00 81 06 
// 596 : INQY
88 33 0F 00 00 00 0F 00 81 06 
// 597 : INQY
88 33 0F 00 00 00 0F 00 81 06 
// 598 : INQY
88 33 0F 00 00 00 0F 00 81 06 
// 599 : INQY
88 33 0F 00 00 00 0F 00 81 06 
// 600 : INQY
88 33 0F 00 00 00 0F 00 81 06 
// 601 : INQY
88 33 0F 00 00 00 0F 00 81 06 
// 602 : INQY
88 33 0F 00 00 00 0F 00 81 06 
// 603 : INQY
88 33 0F 00 00 00 0F 00 81 06 
// 604 : INQY
88 33 0F 00 00 00 0F 00 81 06 
// 605 : INQY
88 33 0F 00 00 00 0F 00 81 06 
// 606 : INQY
88 33 0F 00 00 00 0F 00 81 06 
// 607 : INQY
88 33 0F 00 00 00 0F 00 81 06 
// 608 : INQY
88 33 0F 00 00 00 0F 00 81 06 
// 609 : INQY
88 33 0F 00 00 00 0F 00 81 06 
// 610 : INQY
88 33 0F 00 00 00 0F 00 81 06 
// 611 : INQY
88 33 0F 00 00 00 0F 00 81 06 
// 612 : INQY
88 33 0F 00 00 00 0F 00 81 06 
// 613 : INQY
88 33 0F 00 00 00 0F 00 81 06 
// 614 : INQY
88 33 0F 00 00 00 0F 00 81 06 
// 615 : INQY
88 33 0F 00 00 00 0F 00 81 06 
// 616 : INQY
88 33 0F 00 00 00 0F 00 81 06 
// 617 : INQY
88 33 0F 00 00 00 0F 00 81 06 
// 618 : INQY
88 33 0F 00 00 00 0F 00 81 06 
// 619 : INQY
88 33 0F 00 00 00 0F 00 81 06 
// 620 : INQY
88 33 0F 00 00 00 0F 00 81 06 
// 621 : INQY
88 33 0F 00 00 00 0F 00 81 06 
// 622 : INQY
88 33 0F 00 00 00 0F 00 81 06 
// 623 : INQY
88 33 0F 00 00 00 0F 00 81 06 
// 624 : INQY
88 33 0F 00 00 00 0F 00 81 06 
// 625 : INQY
88 33 0F 00 00 00 0F 00 81 06 
// 626 : INQY
88 33 0F 00 00 00 0F 00 81 06 
// 627 : INQY
88 33 0F 00 00 00 0F 00 81 06 
// 628 : INQY
88 33 0F 00 00 00 0F 00 81 06 
// 629 : INQY
88 33 0F 00 00 00 0F 00 81 06 
// 630 : INQY
88 33 0F 00 00 00 0F 00 81 06 
// 631 : INQY
88 33 0F 00 00 00 0F 00 81 06 
// 632 : INQY
88 33 0F 00 00 00 0F 00 81 06 
// 633 : INQY
88 33 0F 00 00 00 0F 00 81 06 
// 634 : INQY
88 33 0F 00 00 00 0F 00 81 06 
// 635 : INQY
88 33 0F 00 00 00 0F 00 81 06 
// 636 : INQY
88 33 0F 00 00 00 0F 00 81 06 
// 637 : INQY
88 33 0F 00 00 00 0F 00 81 06 
// 638 : INQY
88 33 0F 00 00 00 0F 00 81 06 
// 639 : INQY
88 33 0F 00 00 00 0F 00 81 06 
// 640 : INQY
88 33 0F 00 00 00 0F 00 81 06 
// 641 : INQY
88 33 0F 00 00 00 0F 00 81 06 
// 642 : INQY
88 33 0F 00 00 00 0F 00 81 06 
// 643 : INQY
88 33 0F 00 00 00 0F 00 81 06 
// 644 : INQY
88 33 0F 00 00 00 0F 00 81 06 
// 645 : INQY
88 33 0F 00 00 00 0F 00 81 06 
// 646 : INQY
88 33 0F 00 00 00 0F 00 81 06 
// 647 : INQY
88 33 0F 00 00 00 0F 00 81 06 
// 648 : INQY
88 33 0F 00 00 00 0F 00 81 06 
// 649 : INQY
88 33 0F 00 00 00 0F 00 81 06 
// 650 : INQY
88 33 0F 00 00 00 0F 00 81 06 
// 651 : INQY
88 33 0F 00 00 00 0F 00 81 06 
// 652 : INQY
88 33 0F 00 00 00 0F 00 81 06 
// 653 : INQY
88 33 0F 00 00 00 0F 00 81 06 
// 654 : INQY
88 33 0F 00 00 00 0F 00 81 06 
// 655 : INQY
88 33 0F 00 00 00 0F 00 81 06 
// 656 : INQY
88 33 0F 00 00 00 0F 00 81 06 
// 657 : INQY
88 33 0F 00 00 00 0F 00 81 06 
// 658 : INQY
88 33 0F 00 00 00 0F 00 81 06 
// 659 : INQY
88 33 0F 00 00 00 0F 00 81 06 
// 660 : INQY
88 33 0F 00 00 00 0F 00 81 06 
// 661 : INQY
88 33 0F 00 00 00 0F 00 81 06 
// 662 : INQY
88 33 0F 00 00 00 0F 00 81 06 
// 663 : INQY
88 33 0F 00 00 00 0F 00 81 06 
// 664 : INQY
88 33 0F 00 00 00 0F 00 81 06 
// 665 : INQY
88 33 0F 00 00 00 0F 00 81 06 
// 666 : INQY
88 33 0F 00 00 00 0F 00 81 06 
// 667 : INQY
88 33 0F 00 00 00 0F 00 81 06 
// 668 : INQY
88 33 0F 00 00 00 0F 00 81 06 
// 669 : INQY
88 33 0F 00 00 00 0F 00 81 06 
// 670 : INQY
88 33 0F 00 00 00 0F 00 81 06 
// 671 : INQY
88 33 0F 00 00 00 0F 00 81 06 
// 672 : INQY
88 33 0F 00 00 00 0F 00 81 06 
// 673 : INQY
88 33 0F 00 00 00 0F 00 81 06 
// 674 : INQY
88 33 0F 00 00 00 0F 00 81 06 
// 675 : INQY
88 33 0F 00 00 00 0F 00 81 06 
// 676 : INQY
88 33 0F 00 00 00 0F 00 81 06 
// 677 : INQY
88 33 0F 00 00 00 0F 00 81 06 
// 678 : INQY
88 33 0F 00 00 00 0F 00 81 06 
// 679 : INQY
88 33 0F 00 00 00 0F 00 81 06 
// 680 : INQY
88 33 0F 00 00 00 0F 00 81 06 
// 681 : INQY
88 33 0F 00 00 00 0F 00 81 06 
// 682 : INQY
88 33 0F 00 00 00 0F 00 81 06 
// 683 : INQY
88 33 0F 00 00 00 0F 00 81 06 
// 684 : INQY
88 33 0F 00 00 00 0F 00 81 06 
// 685 : INQY
88 33 0F 00 00 00 0F 00 81 06 
// 686 : INQY
88 33 0F 00 00 00 0F 00 81 06 
// 687 : INQY
88 33 0F 00 00 00 0F 00 81 06 
// 688 : INQY
88 33 0F 00 00 00 0F 00 81 06 
// 689 : INQY
88 33 0F 00 00 00 0F 00 81 06 
// 690 : INQY
88 33 0F 00 00 00 0F 00 81 06 
// 691 : INQY
88 33 0F 00 00 00 0F 00 81 06 
// 692 : INQY
88 33 0F 00 00 00 0F 00 81 06 
// 693 : INQY
88 33 0F 00 00 00 0F 00 81 06 
// 694 : INQY
88 33 0F 00 00 00 0F 00 81 06 
// 695 : INQY
88 33 0F 00 00 00 0F 00 81 06 
// 696 : INQY
88 33 0F 00 00 00 0F 00 81 06 
// 697 : INQY
88 33 0F 00 00 00 0F 00 81 06 
// 698 : INQY
88 33 0F 00 00 00 0F 00 81 06 
// 699 : INQY
88 33 0F 00 00 00 0F 00 81 06 
// 700 : INQY
88 33 0F 00 00 00 0F 00 81 06 
// 701 : INQY
88 33 0F 00 00 00 0F 00 81 06 
// 702 : INQY
88 33 0F 00 00 00 0F 00 81 06 
// 703 : INQY
88 33 0F 00 00 00 0F 00 81 06 
// 704 : INQY
88 33 0F 00 00 00 0F 00 81 06 
// 705 : INQY
88 33 0F 00 00 00 0F 00 81 06 
// 706 : INQY
88 33 0F 00 00 00 0F 00 81 06 
// 707 : INQY
88 33 0F 00 00 00 0F 00 81 06 
// 708 : INQY
88 33 0F 00 00 00 0F 00 81 06 
// 709 : INQY
88 33 0F 00 00 00 0F 00 81 06 
// 710 : INQY
88 33 0F 00 00 00 0F 00 81 06 
// 711 : INQY
88 33 0F 00 00 00 0F 00 81 06 
// 712 : INQY
88 33 0F 00 00 00 0F 00 81 06 
// 713 : INQY
88 33 0F 00 00 00 0F 00 81 06 
// 714 : INQY
88 33 0F 00 00 00 0F 00 81 06 
// 715 : INQY
88 33 0F 00 00 00 0F 00 81 06 
// 716 : INQY
88 33 0F 00 00 00 0F 00 81 06 
// 717 : INQY
88 33 0F 00 00 00 0F 00 81 06 
// 718 : INQY
88 33 0F 00 00 00 0F 00 81 06 
// 719 : INQY
88 33 0F 00 00 00 0F 00 81 06 
// 720 : INQY
88 33 0F 00 00 00 0F 00 81 06 
// 721 : INQY
88 33 0F 00 00 00 0F 00 81 06 
// 722 : INQY
88 33 0F 00 00 00 0F 00 81 06 
// 723 : INQY
88 33 0F 00 00 00 0F 00 81 06 
// 724 : INQY
88 33 0F 00 00 00 0F 00 81 06 
// 725 : INQY
88 33 0F 00 00 00 0F 00 81 06 
// 726 : INQY
88 33 0F 00 00 00 0F 00 81 06 
// 727 : INQY
88 33 0F 00 00 00 0F 00 81 06 
// 728 : INQY
88 33 0F 00 00 00 0F 00 81 06 
// 729 : INQY
88 33 0F 00 00 00 0F 00 81 06 
// 730 : INQY
88 33 0F 00 00 00 0F 00 81 06 
// 731 : INQY
88 33 0F 00 00 00 0F 00 81 06 
// 732 : INQY
88 33 0F 00 00 00 0F 00 81 06 
// 733 : INQY
88 33 0F 00 00 00 0F 00 81 06 
// 734 : INQY
88 33 0F 00 00 00 0F 00 81 06 
// 735 : INQY
88 33 0F 00 00 00 0F 00 81 06 
// 736 : INQY
88 33 0F 00 00 00 0F 00 81 06 
// 737 : INQY
88 33 0F 00 00 00 0F 00 81 06 
// 738 : INQY
88 33 0F 00 00 00 0F 00 81 06 
// 739 : INQY
88 33 0F 00 00 00 0F 00 81 06 
// 740 : INQY
88 33 0F 00 00 00 0F 00 81 06 
// 741 : INQY
88 33 0F 00 00 00 0F 00 81 06 
// 742 : INQY
88 33 0F 00 00 00 0F 00 81 06 
// 743 : INQY
88 33 0F 00 00 00 0F 00 81 06 
// 744 : INQY
88 33 0F 00 00 00 0F 00 81 06 
// 745 : INQY
88 33 0F 00 00 00 0F 00 81 06 
// 746 : INQY
88 33 0F 00 00 00 0F 00 81 06 
// 747 : INQY
88 33 0F 00 00 00 0F 00 81 06 
// 748 : INQY
88 33 0F 00 00 00 0F 00 81 06 
// 749 : INQY
88 33 0F 00 00 00 0F 00 81 06 
// 750 : INQY
88 33 0F 00 00 00 0F 00 81 06 
// 751 : INQY
88 33 0F 00 00 00 0F 00 81 06 
// 752 : INQY
88 33 0F 00 00 00 0F 00 81 06 
// 753 : INQY
88 33 0F 00 00 00 0F 00 81 06 
// 754 : INQY
88 33 0F 00 00 00 0F 00 81 06 
// 755 : INQY
88 33 0F 00 00 00 0F 00 81 06 
// 756 : INQY
88 33 0F 00 00 00 0F 00 81 06 
// 757 : INQY
88 33 0F 00 00 00 0F 00 81 06 
// 758 : INQY
88 33 0F 00 00 00 0F 00 81 06 
// 759 : INQY
88 33 0F 00 00 00 0F 00 81 06 
// 760 : INQY
88 33 0F 00 00 00 0F 00 81 06 
// 761 : INQY
88 33 0F 00 00 00 0F 00 81 06 
// 762 : INQY
88 33 0F 00 00 00 0F 00 81 06 
// 763 : INQY
88 33 0F 00 00 00 0F 00 81 06 
// 764 : INQY
88 33 0F 00 00 00 0F 00 81 06 
// 765 : INQY
88 33 0F 00 00 00 0F 00 81 06 
// 766 : INQY
88 33 0F 00 00 00 0F 00 81 06 
// 767 : INQY
88 33 0F 00 00 00 0F 00 81 06 
// 768 : INQY
88 33 0F 00 00 00 0F 00 81 06 
// 769 : INQY
88 33 0F 00 00 00 0F 00 81 06 
// 770 : INQY
88 33 0F 00 00 00 0F 00 81 06 
// 771 : INQY
88 33 0F 00 00 00 0F 00 81 06 
// 772 : INQY
88 33 0F 00 00 00 0F 00 81 06 
// 773 : INQY
88 33 0F 00 00 00 0F 00 81 06 
// 774 : INQY
88 33 0F 00 00 00 0F 00 81 06 
// 775 : INQY
88 33 0F 00 00 00 0F 00 81 06 
// 776 : INQY
88 33 0F 00 00 00 0F 00 81 06 
// 777 : INQY
88 33 0F 00 00 00 0F 00 81 06 
// 778 : INQY
88 33 0F 00 00 00 0F 00 81 06 
// 779 : INQY
88 33 0F 00 00 00 0F 00 81 06 
// 780 : INQY
88 33 0F 00 00 00 0F 00 81 06 
// 781 : INQY
88 33 0F 00 00 00 0F 00 81 06 
// 782 : INQY
88 33 0F 00 00 00 0F 00 81 06 
// 783 : INQY
88 33 0F 00 00 00 0F 00 81 06 
// 784 : INQY
88 33 0F 00 00 00 0F 00 81 06 
// 785 : INQY
88 33 0F 00 00 00 0F 00 81 06 
// 786 : INQY
88 33 0F 00 00 00 0F 00 81 06 
// 787 : INQY
88 33 0F 00 00 00 0F 00 81 06 
// 788 : INQY
88 33 0F 00 00 00 0F 00 81 06 
// 789 : INQY
88 33 0F 00 00 00 0F 00 81 06 
// 790 : INQY
88 33 0F 00 00 00 0F 00 81 06 
// 791 : INQY
88 33 0F 00 00 00 0F 00 81 06 
// 792 : INQY
88 33 0F 00 00 00 0F 00 81 06 
// 793 : INQY
88 33 0F 00 00 00 0F 00 81 06 
// 794 : INQY
88 33 0F 00 00 00 0F 00 81 06 
// 795 : INQY
88 33 0F 00 00 00 0F 00 81 06 
// 796 : INQY
88 33 0F 00 00 00 0F 00 81 06 
// 797 : INQY
88 33 0F 00 00 00 0F 00 81 06 
// 798 : INQY
88 33 0F 00 00 00 0F 00 81 06 
// 799 : INQY
88 33 0F 00 00 00 0F 00 81 06 
// 800 : INQY
88 33 0F 00 00 00 0F 00 81 06 
// 801 : INQY
88 33 0F 00 00 00 0F 00 81 06 
// 802 : INQY
88 33 0F 00 00 00 0F 00 81 06 
// 803 : INQY
88 33 0F 00 00 00 0F 00 81 06 
// 804 : INQY
88 33 0F 00 00 00 0F 00 81 06 
// 805 : INQY
88 33 0F 00 00 00 0F 00 81 06 
// 806 : INQY
88 33 0F 00 00 00 0F 00 81 06 
// 807 : INQY
88 33 0F 00 00 00 0F 00 81 06 
// 808 : INQY
88 33 0F 00 00 00 0F 00 81 06 
// 809 : INQY
88 33 0F 00 00 00 0F 00 81 06 
// 810 : INQY
88 33 0F 00 00 00 0F 00 81 06 
// 811 : INQY
88 33 0F 00 00 00 0F 00 81 06 
// 812 : INQY
88 33 0F 00 00 00 0F 00 81 06 
// 813 : INQY
88 33 0F 00 00 00 0F 00 81 06 
// 814 : INQY
88 33 0F 00 00 00 0F 00 81 06 
// 815 : INQY
88 33 0F 00 00 00 0F 00 81 06 
// 816 : INQY
88 33 0F 00 00 00 0F 00 81 06 
// 817 : INQY
88 33 0F 00 00 00 0F 00 81 06 
// 818 : INQY
88 33 0F 00 00 00 0F 00 81 06 
// 819 : INQY
88 33 0F 00 00 00 0F 00 81 06 
// 820 : INQY
88 33 0F 00 00 00 0F 00 81 06 
// 821 : INQY
88 33 0F 00 00 00 0F 00 81 06 
// 822 : INQY
88 33 0F 00 00 00 0F 00 81 06 
// 823 : INQY
88 33 0F 00 00 00 0F 00 81 06 
// 824 : INQY
88 33 0F 00 00 00 0F 00 81 06 
// 825 : INQY
88 33 0F 00 00 00 0F 00 81 06 
// 826 : INQY
88 33 0F 00 00 00 0F 00 81 06 
// 827 : INQY
88 33 0F 00 00 00 0F 00 81 06 
// 828 : INQY
88 33 0F 00 00 00 0F 00 81 06 
// 829 : INQY
88 33 0F 00 00 00 0F 00 81 06 
// 830 : INQY
88 33 0F 00 00 00 0F 00 81 06 
// 831 : INQY
88 33 0F 00 00 00 0F 00 81 06 
// 832 : INQY
88 33 0F 00 00 00 0F 00 81 06 
// 833 : INQY
88 33 0F 00 00 00 0F 00 81 06 
// 834 : INQY
88 33 0F 00 00 00 0F 00 81 06 
// 835 : INQY
88 33 0F 00 00 00 0F 00 81 06 
// 836 : INQY
88 33 0F 00 00 00 0F 00 81 06 
// 837 : INQY
88 33 0F 00 00 00 0F 00 81 06 
// 838 : INQY
88 33 0F 00 00 00 0F 00 81 06 
// 839 : INQY
88 33 0F 00 00 00 0F 00 81 06 
// 840 : INQY
88 33 0F 00 00 00 0F 00 81 06 
// 841 : INQY
88 33 0F 00 00 00 0F 00 81 06 
// 842 : INQY
88 33 0F 00 00 00 0F 00 81 06 
// 843 : INQY
88 33 0F 00 00 00 0F 00 81 06 
// 844 : INQY
88 33 0F 00 00 00 0F 00 81 06 
// 845 : INQY
88 33 0F 00 00 00 0F 00 81 06 
// 846 : INQY
88 33 0F 00 00 00 0F 00 81 06 
// 847 : INQY
88 33 0F 00 00 00 0F 00 81 06 
// 848 : INQY
88 33 0F 00 00 00 0F 00 81 06 
// 849 : INQY
88 33 0F 00 00 00 0F 00 81 06 
// 850 : INQY
88 33 0F 00 00 00 0F 00 81 06 
// 851 : INQY
88 33 0F 00 00 00 0F 00 81 06 
// 852 : INQY
88 33 0F 00 00 00 0F 00 81 06 
// 853 : INQY
88 33 0F 00 00 00 0F 00 81 06 
// 854 : INQY
88 33 0F 00 00 00 0F 00 81 06 
// 855 : INQY
88 33 0F 00 00 00 0F 00 81 06 
// 856 : INQY
88 33 0F 00 00 00 0F 00 81 06 
// 857 : INQY
88 33 0F 00 00 00 0F 00 81 06 
// 858 : INQY
88 33 0F 00 00 00 0F 00 81 06 
// 859 : INQY
88 33 0F 00 00 00 0F 00 81 06 
// 860 : INQY
88 33 0F 00 00 00 0F 00 81 06 
// 861 : INQY
88 33 0F 00 00 00 0F 00 81 06 
// 862 : INQY
88 33 0F 00 00 00 0F 00 81 06 
// 863 : INQY
88 33 0F 00 00 00 0F 00 81 06 
// 864 : INQY
88 33 0F 00 00 00 0F 00 81 06 
// 865 : INQY
88 33 0F 00 00 00 0F 00 81 06 
// 866 : INQY
88 33 0F 00 00 00 0F 00 81 06 
// 867 : INQY
88 33 0F 00 00 00 0F 00 81 06 
// 868 : INQY
88 33 0F 00 00 00 0F 00 81 06 
// 869 : INQY
88 33 0F 00 00 00 0F 00 81 06 
// 870 : INQY
88 33 0F 00 00 00 0F 00 81 06 
// 871 : INQY
88 33 0F 00 00 00 0F 00 81 06 
// 872 : INQY
88 33 0F 00 00 00 0F 00 81 06 
// 873 : INQY
88 33 0F 00 00 00 0F 00 81 06 
// 874 : INQY
88 33 0F 00 00 00 0F 00 81 06 
// 875 : INQY
88 33 0F 00 00 00 0F 00 81 06 
// 876 : INQY
88 33 0F 00 00 00 0F 00 81 06 
// 877 : INQY
88 33 0F 00 00 00 0F 00 81 06 
// 878 : INQY
88 33 0F 00 00 00 0F 00 81 06 
// 879 : INQY
88 33 0F 00 00 00 0F 00 81 06 
// 880 : INQY
88 33 0F 00 00 00 0F 00 81 06 
// 881 : INQY
88 33 0F 00 00 00 0F 00 81 06 
// 882 : INQY
88 33 0F 00 00 00 0F 00 81 06 
// 883 : INQY
88 33 0F 00 00 00 0F 00 81 06 
// 884 : INQY
88 33 0F 00 00 00 0F 00 81 06 
// 885 : INQY
88 33 0F 00 00 00 0F 00 81 06 
// 886 : INQY
88 33 0F 00 00 00 0F 00 81 06 
// 887 : INQY
88 33 0F 00 00 00 0F 00 81 06 
// 888 : INQY
88 33 0F 00 00 00 0F 00 81 06 
// 889 : INQY
88 33 0F 00 00 00 0F 00 81 06 
// 890 : INQY
88 33 0F 00 00 00 0F 00 81 06 
// 891 : INQY
88 33 0F 00 00 00 0F 00 81 06 
// 892 : INQY
88 33 0F 00 00 00 0F 00 81 06 
// 893 : INQY
88 33 0F 00 00 00 0F 00 81 06 
// 894 : INQY
88 33 0F 00 00 00 0F 00 81 06 
// 895 : INQY
88 33 0F 00 00 00 0F 00 81 06 
// 896 : INQY
88 33 0F 00 00 00 0F 00 81 06 
// 897 : INQY
88 33 0F 00 00 00 0F 00 81 06 
// 898 : INQY
88 33 0F 00 00 00 0F 00 81 06 
// 899 : INQY
88 33 0F 00 00 00 0F 00 81 06 
// 900 : INQY
88 33 0F 00 00 00 0F 00 81 06 
// 901 : INQY
88 33 0F 00 00 00 0F 00 81 06 
// 902 : INQY
88 33 0F 00 00 00 0F 00 81 06 
// 903 : INQY
88 33 0F 00 00 00 0F 00 81 06 
// 904 : INQY
88 33 0F 00 00 00 0F 00 81 06 
// 905 : INQY
88 33 0F 00 00 00 0F 00 81 06 
// 906 : INQY
88 33 0F 00 00 00 0F 00 81 06 
// 907 : INQY
88 33 0F 00 00 00 0F 00 81 06 
// 908 : INQY
88 33 0F 00 00 00 0F 00 81 06 
// 909 : INQY
88 33 0F 00 00 00 0F 00 81 06 
// 910 : INQY
88 33 0F 00 00 00 0F 00 81 06 
// 911 : INQY
88 33 0F 00 00 00 0F 00 81 06 
// 912 : INQY
88 33 0F 00 00 00 0F 00 81 06 
// 913 : INQY
88 33 0F 00 00 00 0F 00 81 06 
// 914 : INQY
88 33 0F 00 00 00 0F 00 81 06 
// 915 : INQY
88 33 0F 00 00 00 0F 00 81 06 
// 916 : INQY
88 33 0F 00 00 00 0F 00 81 06 
// 917 : INQY
88 33 0F 00 00 00 0F 00 81 06 
// 918 : INQY
88 33 0F 00 00 00 0F 00 81 06 
// 919 : INQY
88 33 0F 00 00 00 0F 00 81 06 
// 920 : INQY
88 33 0F 00 00 00 0F 00 81 06 
// 921 : INQY
88 33 0F 00 00 00 0F 00 81 06 
// 922 : INQY
88 33 0F 00 00 00 0F 00 81 06 
// 923 : INQY
88 33 0F 00 00 00 0F 00 81 06 
// 924 : INQY
88 33 0F 00 00 00 0F 00 81 06 
// 925 : INQY
88 33 0F 00 00 00 0F 00 81 06 
// 926 : INQY
88 33 0F 00 00 00 0F 00 81 06 
// 927 : INQY
88 33 0F 00 00 00 0F 00 81 06 
// 928 : INQY
88 33 0F 00 00 00 0F 00 81 06 
// 929 : INQY
88 33 0F 00 00 00 0F 00 81 06 
// 930 : INQY
88 33 0F 00 00 00 0F 00 81 06 
// 931 : INQY
88 33 0F 00 00 00 0F 00 81 06 
// 932 : INQY
88 33 0F 00 00 00 0F 00 81 06 
// 933 : INQY
88 33 0F 00 00 00 0F 00 81 06 
// 934 : INQY
88 33 0F 00 00 00 0F 00 81 06 
// 935 : INQY
88 33 0F 00 00 00 0F 00 81 06 
// 936 : INQY
88 33 0F 00 00 00 0F 00 81 06 
// 937 : INQY
88 33 0F 00 00 00 0F 00 81 06 
// 938 : INQY
88 33 0F 00 00 00 0F 00 81 06 
// 939 : INQY
88 33 0F 00 00 00 0F 00 81 06 
// 940 : INQY
88 33 0F 00 00 00 0F 00 81 06 
// 941 : INQY
88 33 0F 00 00 00 0F 00 81 06 
// 942 : INQY
88 33 0F 00 00 00 0F 00 81 06 
// 943 : INQY
88 33 0F 00 00 00 0F 00 81 06 
// 944 : INQY
88 33 0F 00 00 00 0F 00 81 06 
// 945 : INQY
88 33 0F 00 00 00 0F 00 81 06 
// 946 : INQY
88 33 0F 00 00 00 0F 00 81 06 
// 947 : INQY
88 33 0F 00 00 00 0F 00 81 06 
// 948 : INQY
88 33 0F 00 00 00 0F 00 81 06 
// 949 : INQY
88 33 0F 00 00 00 0F 00 81 06 
// 950 : INQY
88 33 0F 00 00 00 0F 00 81 06 
// 951 : INQY
88 33 0F 00 00 00 0F 00 81 06 
// 952 : INQY
88 33 0F 00 00 00 0F 00 81 06 
// 953 : INQY
88 33 0F 00 00 00 0F 00 81 06 
// 954 : INQY
88 33 0F 00 00 00 0F 00 81 06 
// 955 : INQY
88 33 0F 00 00 00 0F 00 81 06 
// 956 : INQY
88 33 0F 00 00 00 0F 00 81 06 
// 957 : INQY
88 33 0F 00 00 00 0F 00 81 06 
// 958 : INQY
88 33 0F 00 00 00 0F 00 81 06 
// 959 : INQY
88 33 0F 00 00 00 0F 00 81 06 
// 960 : INQY
88 33 0F 00 00 00 0F 00 81 06 
// 961 : INQY
88 33 0F 00 00 00 0F 00 81 06 
// 962 : INQY
88 33 0F 00 00 00 0F 00 81 06 
// 963 : INQY
88 33 0F 00 00 00 0F 00 81 06 
// 964 : INQY
88 33 0F 00 00 00 0F 00 81 06 
// 965 : INQY
88 33 0F 00 00 00 0F 00 81 06 
// 966 : INQY
88 33 0F 00 00 00 0F 00 81 06 
// 967 : INQY
88 33 0F 00 00 00 0F 00 81 06 
// 968 : INQY
88 33 0F 00 00 00 0F 00 81 06 
// 969 : INQY
88 33 0F 00 00 00 0F 00 81 06 
// 970 : INQY
88 33 0F 00 00 00 0F 00 81 06 
// 971 : INQY
88 33 0F 00 00 00 0F 00 81 06 
// 972 : INQY
88 33 0F 00 00 00 0F 00 81 06 
// 973 : INQY
88 33 0F 00 00 00 0F 00 81 06 
// 974 : INQY
88 33 0F 00 00 00 0F 00 81 06 
// 975 : INQY
88 33 0F 00 00 00 0F 00 81 06 
// 976 : INQY
88 33 0F 00 00 00 0F 00 81 06 
// 977 : INQY
88 33 0F 00 00 00 0F 00 81 06 
// 978 : INQY
88 33 0F 00 00 00 0F 00 81 06 
// 979 : INQY
88 33 0F 00 00 00 0F 00 81 06 
// 980 : INQY
88 33 0F 00 00 00 0F 00 81 06 
// 981 : INQY
88 33 0F 00 00 00 0F 00 81 06 
// 982 : INQY
88 33 0F 00 00 00 0F 00 81 06 
// 983 : INQY
88 33 0F 00 00 00 0F 00 81 06 
// 984 : INQY
88 33 0F 00 00 00 0F 00 81 06 
// 985 : INQY
88 33 0F 00 00 00 0F 00 81 06 
// 986 : INQY
88 33 0F 00 00 00 0F 00 81 04 
