// GAMEBOY PRINTER Packet Sniffer V2 (Brian Khuu 2020)
// Purpose: Sniff communication from real gameboy printer
// Note: Each byte is from each GBP packet is from the gameboy
//       except for the last two bytes which is from the printer
//------------------------------------------------------------------------------
// GAME:Super Mario Bros Deluxe
// DATE: 2020-08-27
// AUTHOR:Raphaël BOICHOT
// NOTE:Double speed mode one image
// 0 : INIT
88 33 01 00 00 00 01 00 81 00
// 1 : INQY
88 33 0F 00 00 00 0F 00 81 00
// 2 : DATA
88 33 04 00 80 02 00 00 00 00 00 00 00 00 00 00 00 00 00 00 00 00 00 00 00 00 00 00 00 00 00 00 00 00 00 00 00 00 00 00 00 00 00 00 00 00 00 00 00 00 00 00 00 00 00 00 00 00 00 00 00 00 00 00 00 00 00 00 00 00 00 00 00 00 00 00 00 00 00 00 00 00 00 00 00 00 00 00 00 00 00 00 00 00 00 00 00 00 00 00 00 00 00 00 00 00 00 00 00 00 00 00 00 00 00 00 00 00 00 00 00 00 00 00 00 00 00 00 00 00 00 00 00 00 00 00 00 00 00 00 00 00 00 00 00 00 00 00 00 00 00 00 00 00 00 00 00 00 00 00 00 00 00 00 00 00 00 00 00 00 00 00 00 00 00 00 00 00 00 00 00 00 00 00 00 00 00 00 00 00 00 00 00 00 00 00 00 00 00 00 00 00 00 00 00 00 00 00 00 00 00 00 00 00 00 00 00 00 00 00 00 00 00 00 00 00 00 00 00 00 00 00 00 00 00 00 00 00 00 00 00 00 00 00 00 00 00 00 00 00 00 00 00 00 00 00 00 00 00 00 00 00 00 00 00 00 00 00 00 00 00 00 00 00 00 00 00 00 00 00 00 00 00 00 00 00 00 00 00 00 00 00 00 00 00 00 00 00 00 00 00 00 00 00 00 00 00 00 00 00 00 00 00 00 00 00 00 00 00 00 00 00 00 00 00 00 00 00 00 00 00 00 00 00 00 00 00 00 00 00 00 00 00 00 00 00 00 00 00 00 00 00 00 00 00 00 00 00 00 00 00 00 00 00 00 00 00 00 00 00 00 00 00 00 00 00 00 00 00 00 00 00 00 00 00 00 00 00 00 00 00 00 00 00 00 00 00 00 0F 00 0F 00 0F 00 0F 00 F0 0F F0 0F F0 0F F0 0F 0F F0 0F F0 0F F0 0F F0 0F F0 0F F0 0F F0 0F F0 F0 0F F0 0F F0 0F F0 0F 00 00 00 00 00 00 00 00 F0 00 F0 00 F0 00 F0 00 00 00 00 00 00 00 00 00 00 00 00 00 00 00 00 00 00 00 00 00 00 00 00 00 00 00 00 00 00 00 00 00 00 00 00 00 00 00 00 00 00 00 00 00 00 00 00 00 00 00 00 00 00 00 00 00 00 00 00 00 00 00 00 00 00 00 00 00 00 00 00 00 00 00 00 00 00 00 00 00 00 00 00 00 00 00 00 00 00 00 00 00 00 00 00 00 00 00 00 00 00 00 00 00 00 00 00 00 00 00 00 00 00 00 00 00 00 00 00 00 00 00 00 00 00 00 00 00 00 00 00 00 00 00 00 00 00 00 00 00 00 00 00 00 00 00 00 00 00 00 00 00 00 00 00 00 00 00 00 00 00 00 00 00 00 00 00 00 00 00 00 00 00 00 00 00 00 00 00 00 00 00 00 00 00 00 00 00 00 00 00 00 72 14 81 00
// 3 : DATA
88 33 04 00 80 02 00 00 00 00 00 00 00 00 00 00 00 00 00 00 00 00 00 00 00 00 00 00 00 00 00 00 00 00 00 00 00 00 00 00 00 00 00 00 00 00 00 00 00 00 00 00 00 00 00 00 00 00 00 00 00 00 0F 00 0F 00 0F 00 0F 00 F0 0F F0 0F F0 0F F0 0F F0 0F F0 0F F0 0F F0 0F FF 00 FF 00 FF 00 FF 00 FF 00 FF 00 FF 00 FF 00 FF 00 FF 00 FF 00 FF 00 FF 00 FF 00 FF 00 FF 00 0F F0 0F F0 0F F0 0F F0 0F F0 0F F0 0F F0 0F F0 00 00 00 00 00 00 00 00 F0 00 F0 00 F0 00 F0 00 00 00 00 00 00 00 00 00 00 00 00 00 00 00 00 00 00 00 00 00 00 00 00 00 00 00 00 00 00 00 00 00 00 00 00 00 00 00 00 00 00 00 00 00 00 00 00 00 00 00 00 00 00 00 00 00 00 00 00 00 00 00 00 00 00 00 00 00 00 00 00 00 00 00 00 00 00 00 00 00 00 00 00 00 00 00 00 00 00 00 00 00 00 00 00 00 00 00 00 00 00 00 00 00 00 00 00 00 00 00 00 00 00 00 00 00 00 00 00 00 00 00 00 00 00 00 00 00 00 00 00 00 00 00 00 00 00 00 00 00 00 00 00 00 00 00 00 00 00 00 00 00 00 00 00 00 00 00 00 00 00 00 00 00 00 00 00 00 00 00 00 00 00 00 00 00 00 00 00 00 00 00 00 00 00 00 00 00 00 00 00 00 00 00 00 00 00 00 00 00 00 00 00 00 00 00 00 00 00 00 00 00 00 00 00 00 0F 00 0F 00 0F 00 0F 00 FF 00 FF 00 FF 00 FF 00 FF 00 FF 00 FF 00 FF 00 0F F0 0F F0 0F F0 0F F0 0F F0 0F F0 0F F0 0F F0 FF 00 FF 00 FF 00 FF 00 FF 00 FF 00 FF 00 FF 00 FF 00 FF 00 FF 00 FF 00 FF 00 FF 00 FF 00 FF 00 F0 0F F0 0F F0 0F F0 0F F0 0F F0 0F F0 0F F0 0F FF 00 FF 00 FF 00 FF 00 FF 00 FF 00 FF 00 FF 00 00 00 00 00 00 00 00 00 F0 00 F0 00 F0 00 F0 00 00 00 00 00 00 00 00 00 00 00 00 00 00 00 00 00 00 00 00 00 00 00 00 00 00 00 00 00 00 00 00 00 00 00 00 00 00 00 00 00 00 00 00 00 00 00 00 00 00 00 00 00 00 00 00 00 00 00 00 00 00 00 00 00 00 00 00 00 00 00 00 00 00 00 00 00 00 00 00 00 00 00 00 00 00 00 00 00 00 00 00 00 00 00 00 00 00 00 00 00 00 00 00 00 00 00 00 00 00 00 00 00 00 00 00 00 00 00 00 00 00 00 00 00 00 00 00 00 00 00 00 00 00 00 00 00 00 00 00 00 00 00 00 00 00 00 00 00 00 00 00 00 00 00 00 00 00 00 00 00 2E 58 81 08
// 4 : DATA
88 33 04 00 80 02 00 00 00 00 00 00 00 00 00 00 00 00 00 00 00 00 00 00 00 00 00 00 00 00 00 00 00 00 00 00 00 00 FF 00 FF 00 FF 00 FF 00 00 00 00 00 00 00 00 00 F0 0F F0 0F F0 0F F0 0F 00 0F 00 0F 00 0F 00 0F FF 00 FF 00 FF 00 FF 00 FF 00 FF 00 FF 00 FF 00 FF 00 FF 00 FF 00 FF 00 FF 00 FF 00 FF 00 FF 00 FF 00 FF 00 FF 00 FF 00 FF 00 FF 00 FF 00 FF 00 FF 00 FF 00 FF 00 FF 00 FF 00 FF 00 FF 00 FF 00 0F F0 0F F0 0F F0 0F F0 00 F0 00 F0 00 F0 00 F0 FF 00 FF 00 FF 00 FF 00 00 00 00 00 00 00 00 00 00 00 00 00 00 00 00 00 00 00 00 00 00 00 00 00 00 00 00 00 00 00 00 00 00 00 00 00 00 00 00 00 00 00 00 00 00 00 00 00 00 00 00 00 00 00 00 00 00 00 00 00 00 00 00 00 00 00 00 00 00 00 00 00 00 00 00 00 00 00 00 00 00 00 00 00 00 00 00 00 00 00 00 00 00 00 00 00 00 00 00 00 00 00 00 00 00 00 00 00 00 00 00 00 00 00 00 00 00 00 00 00 00 00 00 00 00 00 00 00 00 00 00 00 00 00 00 00 00 00 00 00 00 00 00 00 00 00 00 00 00 00 00 00 00 00 00 00 00 00 00 00 00 00 00 00 00 00 00 00 00 00 00 00 00 00 00 00 00 00 00 00 00 00 00 00 00 00 00 00 00 00 00 00 00 00 00 00 00 00 00 00 00 00 00 00 00 00 00 00 00 00 00 00 00 00 00 00 0F 00 0F 00 0F 00 0F 00 0F 00 0F 00 0F 00 0F 00 FF 00 FF 00 FF 00 FF 00 FF FF FF FF FF FF FF FF FF 00 FF 00 FF 00 FF 00 FF FF FF FF FF FF FF FF FF 00 FF 00 FF 00 FF 00 FF FF FF FF FF FF FF FF FF 00 FF 00 FF 00 FF 00 FF FF FF FF FF FF FF FF F0 00 F0 00 F0 00 F0 00 F0 00 F0 00 F0 00 F0 00 00 00 00 00 00 00 00 00 00 00 00 00 00 00 00 00 00 00 00 00 00 00 00 00 00 00 00 00 00 00 00 00 00 00 00 00 00 00 00 00 00 00 00 00 00 00 00 00 00 00 00 00 00 00 00 00 00 00 00 00 00 00 00 00 00 00 00 00 00 00 00 00 00 00 00 00 00 00 00 00 00 00 00 00 00 00 00 00 00 00 00 00 00 00 00 00 00 00 00 00 00 00 00 00 00 00 00 00 00 00 00 00 00 00 00 00 00 00 00 00 00 00 00 00 00 00 00 00 00 00 00 00 00 00 00 00 00 00 00 00 00 00 00 00 00 00 00 00 00 00 00 00 00 00 00 00 00 00 00 00 00 00 00 00 00 00 00 00 00 00 00 00 00 00 00 00 1A 6C 81 08
// 5 : DATA
88 33 04 00 80 02 00 00 00 00 00 00 00 00 00 00 00 00 00 00 00 00 00 00 00 00 00 00 00 00 00 00 00 00 00 00 00 00 00 00 00 00 00 00 00 00 00 00 00 00 00 00 00 00 0F 0F 0F 0F 0F 0F 0F 0F 0F 00 0F 00 0F 00 0F 00 FF 00 FF 00 FF 00 FF 00 FF FF FF FF FF FF FF FF FF FF FF FF FF FF FF FF FF 0F FF 0F FF 0F FF 0F FF FF FF FF FF FF FF FF FF F0 FF F0 FF F0 FF F0 FF 00 FF 00 FF 00 FF 00 FF FF FF FF FF FF FF FF F0 F0 F0 F0 F0 F0 F0 F0 F0 00 F0 00 F0 00 F0 00 00 00 00 00 00 00 00 00 00 00 00 00 00 00 00 00 00 00 00 00 00 00 00 00 00 00 00 00 00 00 00 00 00 00 00 00 00 00 00 00 00 00 00 00 00 00 00 00 00 00 00 00 00 00 00 00 00 00 00 00 00 00 00 00 00 00 00 00 00 00 00 00 00 00 00 00 00 00 00 00 00 00 00 00 00 00 00 00 00 00 00 00 00 00 00 00 00 00 00 00 00 00 00 00 00 00 00 00 00 00 00 00 00 00 00 00 00 00 00 00 00 00 00 00 00 00 00 00 00 00 00 00 00 00 00 00 00 00 00 00 00 00 00 00 00 00 00 00 00 00 00 00 00 00 00 00 00 00 00 00 00 00 00 00 00 00 00 00 00 00 00 00 00 00 00 00 00 00 00 00 00 00 00 00 00 00 00 00 00 00 00 00 00 00 00 00 00 00 00 00 00 00 00 00 00 00 00 00 00 00 00 00 00 00 00 00 00 00 00 00 00 00 00 00 0F 00 0F 00 0F 00 0F 00 FF 0F FF 0F FF 0F FF 0F FF FF FF FF FF FF FF FF FF 00 FF 00 FF 00 FF 00 FF 0F FF 0F FF 0F FF 0F FF FF FF FF FF FF FF FF FF F0 FF F0 FF F0 FF F0 FF FF FF FF FF FF FF FF FF FF FF FF FF FF FF FF FF 00 FF 00 FF 00 FF 00 F0 00 F0 00 F0 00 F0 00 FF F0 FF F0 FF F0 FF F0 00 00 00 00 00 00 00 00 00 00 00 00 00 00 00 00 00 00 00 00 00 00 00 00 00 00 00 00 00 00 00 00 00 00 00 00 00 00 00 00 00 00 00 00 00 00 00 00 00 00 00 00 00 00 00 00 00 00 00 00 00 00 00 00 00 00 00 00 00 00 00 00 00 00 00 00 00 00 00 00 00 00 00 00 00 00 00 00 00 00 00 00 00 00 00 00 00 00 00 00 00 00 00 00 00 00 00 00 00 00 00 00 00 00 00 00 00 00 00 00 00 00 00 00 00 00 00 00 00 00 00 00 00 00 00 00 00 00 00 00 00 00 00 00 00 00 00 00 00 00 00 00 00 00 00 00 00 00 00 00 00 00 00 00 00 00 00 00 00 00 00 00 00 00 00 00 02 84 81 08
// 6 : DATA
88 33 04 00 80 02 00 00 00 00 00 00 00 00 00 00 00 00 00 00 00 00 00 00 00 00 00 00 00 00 00 00 00 00 00 00 00 00 00 00 00 00 00 00 00 00 00 00 00 00 00 00 00 00 FF 00 FF 00 FF 00 FF 00 0F F0 0F F0 0F F0 0F F0 00 FF 00 FF 00 FF 00 FF FF 00 FF 00 FF 00 FF 00 FF 00 FF 00 FF 00 FF 00 FF 00 FF 00 FF 00 FF 00 FF 00 FF 00 FF 00 FF 00 FF 00 FF 00 FF 00 FF 00 00 FF 00 FF 00 FF 00 FF FF 00 FF 00 FF 00 FF 00 FF 00 FF 00 FF 00 FF 00 F0 0F F0 0F F0 0F F0 0F 00 00 00 00 00 00 00 00 00 00 00 00 00 00 00 00 00 00 00 00 00 00 00 00 00 00 00 00 00 00 00 00 00 00 00 00 00 00 00 00 00 00 00 00 00 00 00 00 00 0F 00 0F 00 0F 00 0F 00 00 00 00 00 00 00 00 00 FF 00 FF 00 FF 00 FF 00 FF 00 FF 00 FF 00 FF 00 F0 00 F0 00 F0 00 F0 00 FF 00 FF 00 FF 00 FF 00 00 00 00 00 00 00 00 00 F0 00 F0 00 F0 00 F0 00 00 00 00 00 00 00 00 FF 00 FF 00 FF 00 FF 00 00 00 00 00 00 00 00 00 00 00 00 00 00 00 00 00 00 00 00 00 00 00 00 00 00 00 00 00 00 00 00 00 00 00 00 00 00 00 00 00 00 00 00 00 00 00 00 00 00 00 00 00 00 00 00 00 00 00 00 00 00 00 00 00 00 00 00 00 00 00 00 00 00 00 00 00 00 00 00 00 00 00 00 00 00 00 00 00 00 00 00 00 00 00 00 00 FF 00 FF 00 FF 00 FF 00 0F F0 0F F0 0F F0 0F F0 0F 00 0F 00 0F 00 0F 00 00 0F 00 0F 00 0F 00 0F FF 00 FF 00 FF 00 FF 00 F0 00 F0 00 F0 00 F0 00 FF 00 FF 00 FF 00 FF 00 0F 00 0F 00 0F 00 0F 00 F0 00 F0 00 F0 00 F0 00 00 F0 00 F0 00 F0 00 F0 FF 00 FF 00 FF 00 FF 00 F0 0F F0 0F F0 0F F0 0F 00 00 00 00 00 00 00 00 00 00 00 00 00 00 00 00 00 00 00 00 00 00 00 00 00 00 00 00 00 00 00 00 00 00 00 00 00 00 00 00 0F 00 0F 00 0F 00 0F 00 0F 0F 0F 0F 0F 0F 0F 0F FF F0 FF F0 FF F0 FF F0 FF FF FF FF FF FF FF FF FF 0F FF 0F FF 0F FF 0F FF FF FF FF FF FF FF FF FF FF FF FF FF FF FF FF FF F0 FF F0 FF F0 FF F0 FF F0 FF F0 FF F0 FF F0 FF 00 FF 00 FF 00 FF 00 FF 00 FF 00 FF 00 FF 00 F0 00 F0 00 F0 00 F0 00 F0 00 F0 00 F0 00 F0 00 00 00 00 00 00 00 00 00 00 00 00 00 00 00 00 00 00 00 00 00 00 00 00 00 00 00 00 00 00 00 00 00 5E AF 81 08
// 7 : DATA
88 33 04 00 80 02 00 00 00 00 00 00 00 00 00 00 00 00 00 00 00 00 00 00 00 00 00 00 00 00 00 00 00 00 00 00 00 00 00 00 00 00 00 00 00 00 00 00 00 00 00 00 00 00 FF 00 FF 00 FF 00 FF 00 0F F0 0F F0 0F F0 0F F0 0F 00 0F 00 0F 00 0F 00 00 0F 00 0F 00 0F 00 0F F0 00 F0 00 F0 00 F0 00 F0 00 F0 00 F0 00 F0 00 0F 00 0F 00 0F 00 0F 00 0F 00 0F 00 0F 00 0F 00 F0 00 F0 00 F0 00 F0 00 00 F0 00 F0 00 F0 00 F0 FF 00 FF 00 FF 00 FF 00 F0 0F F0 0F F0 0F F0 0F 00 00 00 00 00 00 00 00 00 00 00 00 00 00 00 00 00 00 00 00 00 00 00 00 00 00 00 00 00 00 00 00 FF 00 FF 00 FF 00 FF 00 FF 0F FF 0F FF 0F FF 0F FF 00 FF 00 FF 00 FF 00 FF 0F FF 0F FF 0F FF 0F FF 00 FF 00 FF 00 FF 00 FF 00 FF 00 FF 00 FF 00 FF FF FF FF FF FF FF FF FF FF FF FF FF FF FF FF FF F0 FF F0 FF F0 FF F0 FF 00 FF 00 FF 00 FF 00 FF 00 FF 00 FF 00 FF 00 FF 00 FF 00 FF 00 FF 00 F0 00 F0 00 F0 00 F0 00 F0 00 F0 00 F0 00 F0 00 00 00 00 00 00 00 00 00 00 00 00 00 00 00 00 00 00 00 00 00 00 00 00 00 00 00 00 00 00 00 00 00 00 00 00 00 00 00 00 00 00 00 00 00 00 00 00 00 00 00 00 00 00 00 00 00 00 00 00 00 00 00 00 00 00 00 00 00 00 00 00 00 00 00 00 00 00 00 00 00 0F 00 0F 00 0F 00 0F 00 0F 00 0F 00 0F 00 0F 00 0F 00 0F 00 0F 00 0F 00 00 0F 00 0F 00 0F 00 0F F0 00 F0 00 F0 00 F0 00 F0 00 F0 00 F0 00 F0 00 0F 00 0F 00 0F 00 0F 00 0F 00 0F 00 0F 00 0F 00 F0 00 F0 00 F0 00 F0 00 00 F0 00 F0 00 F0 00 F0 F0 00 F0 00 F0 00 F0 00 F0 00 F0 00 F0 00 F0 00 00 00 00 00 00 00 00 00 00 00 00 00 00 00 00 00 00 00 00 00 00 00 00 00 00 00 00 00 00 00 00 00 FF 0F FF 0F FF 0F FF 0F FF 00 FF 00 FF 00 FF 00 FF 0F FF 0F FF 0F FF 0F FF 00 FF 00 FF 00 FF 00 FF 00 FF 00 FF 00 FF 00 FF 00 FF 00 FF 00 FF 00 FF FF FF FF FF FF FF FF FF FF FF FF FF FF FF FF FF 00 FF 00 FF 00 FF 00 FF 00 FF 00 FF 00 FF 00 FF 00 FF 00 FF 00 FF 00 FF 0F FF 0F FF 0F FF 0F 00 00 00 00 00 00 00 00 00 00 00 00 00 00 00 00 00 00 00 00 00 00 00 00 00 00 00 00 00 00 00 00 00 00 00 00 00 00 00 00 00 00 00 00 00 00 00 00 4A B4 81 08
// 8 : DATA
88 33 04 00 80 02 00 00 00 00 00 00 00 00 00 00 00 00 00 00 00 00 00 00 00 00 00 00 00 00 00 00 00 00 00 00 00 00 00 00 00 00 00 00 00 00 00 00 00 00 00 00 00 00 0F 00 0F 00 0F 00 0F 00 00 00 00 00 00 00 00 00 00 00 00 00 00 00 00 00 00 00 00 00 00 00 00 00 F0 00 F0 00 F0 00 F0 00 F0 00 F0 00 F0 00 F0 00 0F 00 0F 00 0F 00 0F 00 0F 00 0F 00 0F 00 0F 00 00 00 00 00 00 00 00 00 00 00 00 00 00 00 00 00 F0 00 F0 00 F0 00 F0 00 00 00 00 00 00 00 00 00 00 00 00 00 00 00 00 00 00 00 00 00 00 00 00 00 00 00 00 00 00 00 00 00 00 00 00 00 00 00 00 00 0F 00 0F 00 0F 00 0F 00 00 FF 00 FF 00 FF 00 FF FF F0 FF F0 FF F0 FF F0 0F FF 0F FF 0F FF 0F FF FF 0F FF 0F FF 0F FF 0F FF FF FF FF FF FF FF FF FF FF FF FF FF FF FF FF FF FF FF FF FF FF FF FF FF FF FF FF FF FF FF FF FF FF FF FF FF FF FF FF FF FF FF FF FF FF FF FF FF FF FF FF FF FF FF FF 00 00 00 00 00 00 00 00 F0 F0 F0 F0 F0 F0 F0 F0 00 00 00 00 00 00 00 00 00 00 00 00 00 00 00 00 00 00 00 00 00 00 00 00 00 00 00 00 00 00 00 00 00 00 00 00 00 00 00 00 00 00 00 00 00 00 00 00 00 00 00 00 00 00 00 00 00 00 00 00 00 00 00 00 00 00 00 00 00 00 00 00 00 00 00 00 00 00 00 00 00 00 00 00 00 00 00 00 00 00 00 00 00 00 00 00 00 00 00 00 00 00 00 00 00 00 00 00 00 00 00 00 00 00 00 00 00 00 00 00 00 00 00 00 00 00 00 00 00 00 00 00 00 00 00 00 00 00 00 00 00 00 00 00 00 00 00 00 00 00 00 00 00 00 00 00 00 00 00 00 00 00 00 00 00 00 00 00 00 00 00 00 00 00 00 00 00 00 00 00 00 00 00 00 00 00 00 00 00 00 00 00 00 00 00 00 00 00 00 00 00 00 00 00 00 00 00 00 0F 0F 0F 0F 0F 0F 0F 0F 00 00 00 00 00 00 00 00 00 FF 00 FF 00 FF 00 FF F0 FF F0 FF F0 FF F0 FF FF FF FF FF FF FF FF FF 0F FF 0F FF 0F FF 0F FF FF FF FF FF FF FF FF FF FF FF FF FF FF FF FF FF FF FF FF FF FF FF FF FF FF FF FF FF FF FF FF FF FF FF FF FF FF FF FF FF FF FF FF FF FF FF FF FF F0 F0 F0 F0 F0 F0 F0 F0 F0 FF F0 FF F0 FF F0 FF 00 0F 00 0F 00 0F 00 0F 00 FF 00 FF 00 FF 00 FF 00 00 00 00 00 00 00 00 00 00 00 00 00 00 00 00 CA BB 81 08
// 9 : DATA
88 33 04 00 80 02 00 00 00 00 00 00 00 00 00 00 00 00 00 00 00 00 00 00 00 00 00 00 00 00 00 00 00 00 00 00 00 00 00 00 00 00 00 00 00 00 00 00 00 00 00 00 00 00 00 00 00 00 00 00 00 00 00 00 00 00 00 00 00 00 00 00 00 00 00 00 00 00 00 00 00 00 00 00 00 00 00 00 00 00 00 00 00 00 00 00 00 00 00 00 00 00 00 00 00 00 00 00 00 00 00 00 00 00 00 00 00 00 00 00 00 00 00 00 00 00 00 00 00 00 00 00 00 00 00 00 00 00 00 00 00 00 00 00 00 00 00 00 00 00 00 00 00 00 00 00 00 00 00 00 00 00 00 00 00 00 00 00 00 00 00 00 00 00 00 00 00 00 00 00 00 00 00 00 00 00 00 00 00 00 00 0F 00 0F 00 0F 00 0F F0 FF F0 FF F0 FF F0 FF 00 FF 00 FF 00 FF 00 FF 0F F0 0F F0 0F F0 0F F0 0F F0 0F F0 0F F0 0F F0 FF 0F FF 0F FF 0F FF 0F FF 00 FF 00 FF 00 FF 00 FF FF FF FF FF FF FF FF FF FF FF FF FF FF FF FF FF FF FF FF FF FF FF FF FF FF FF FF FF FF FF FF F0 FF F0 FF F0 FF F0 FF 00 FF 00 FF 00 FF 00 FF 00 FF 00 FF 00 FF 00 FF 00 F0 00 F0 00 F0 00 F0 00 00 00 00 00 00 00 00 00 00 00 00 00 00 00 00 00 00 00 00 00 00 00 00 00 00 00 00 00 00 00 00 00 00 00 00 00 00 00 00 00 00 00 00 00 00 00 00 00 00 00 00 00 00 00 00 00 00 00 00 00 00 00 00 00 00 00 00 00 00 00 00 00 00 00 00 00 00 00 00 00 00 00 00 00 00 00 00 00 00 00 00 00 00 00 00 00 00 00 00 00 00 00 00 00 00 00 00 00 00 00 00 00 00 00 00 00 00 00 00 00 00 00 00 00 00 00 00 00 00 00 00 00 00 00 00 00 00 00 00 00 00 00 00 00 00 00 00 00 00 00 00 00 00 00 00 00 00 00 00 00 00 00 00 00 00 00 00 00 00 00 00 00 00 00 00 00 00 00 00 00 00 00 00 00 00 00 00 00 00 00 00 00 00 00 00 00 00 00 00 00 00 00 00 00 00 00 00 FF 00 FF 00 FF 00 FF 00 00 00 00 00 00 00 00 00 FF 00 FF 00 FF 00 FF 00 FF 00 FF 00 FF 00 FF 00 FF 00 FF 00 FF 00 FF 00 FF 00 FF 00 FF 00 FF 00 FF 00 FF 00 FF 00 FF 00 F0 00 F0 00 F0 00 F0 00 F0 F0 F0 F0 F0 F0 F0 F0 00 00 00 00 00 00 00 00 00 FF 00 FF 00 FF 00 FF 00 0F 00 0F 00 0F 00 0F 00 F0 00 F0 00 F0 00 F0 00 00 00 00 00 00 00 00 00 00 00 00 00 00 00 00 00 00 00 00 00 00 00 00 1A 7B 81 08
// 10 : DATA
88 33 04 00 80 02 00 00 00 00 00 00 00 00 00 00 00 00 00 00 00 00 00 00 00 00 00 00 00 00 00 00 00 00 00 00 00 00 00 00 00 00 00 00 00 00 00 00 00 00 00 00 00 00 00 00 00 00 00 00 00 00 00 00 00 00 00 00 00 00 00 00 00 00 00 00 00 00 00 00 00 00 00 00 00 00 00 00 00 00 00 00 00 00 00 00 00 00 00 00 00 00 00 00 00 00 00 00 00 00 00 00 00 00 00 00 00 00 00 00 00 00 00 00 00 00 00 00 00 00 00 00 00 00 00 00 00 00 00 00 00 00 00 00 00 00 00 00 00 00 00 00 00 00 00 00 00 00 00 00 00 00 00 00 00 00 00 00 00 00 00 00 00 00 00 00 00 00 00 00 00 00 00 00 00 00 00 00 00 00 00 00 00 00 00 00 00 00 00 00 00 00 00 00 00 00 00 00 00 00 00 00 00 00 00 00 00 00 00 00 00 00 00 00 00 00 00 00 00 00 00 00 00 00 00 00 00 00 00 00 00 00 00 00 00 00 00 00 00 00 00 00 00 00 00 00 00 00 00 00 00 00 00 00 00 00 00 00 00 00 00 00 00 00 00 00 00 00 00 00 00 00 00 00 00 00 00 00 00 00 00 00 00 00 00 00 00 00 00 00 00 00 00 00 00 00 00 00 00 00 00 00 00 00 00 00 00 00 00 00 00 00 00 00 00 00 00 00 00 00 00 00 00 00 00 00 00 00 00 00 00 00 00 00 00 00 00 00 00 00 00 00 00 00 00 00 00 00 00 00 00 00 00 00 00 00 00 00 00 00 00 00 00 00 00 00 00 00 00 00 00 00 00 00 00 00 00 00 00 00 00 00 00 00 00 00 00 00 00 00 00 00 00 00 00 00 00 00 00 00 00 00 00 00 00 00 00 00 00 00 00 00 00 00 00 00 00 00 00 00 00 00 00 00 00 00 00 00 00 00 00 00 00 00 00 00 00 00 00 00 00 00 00 00 00 00 00 00 00 00 00 00 00 00 00 00 00 00 00 00 00 00 00 00 00 00 00 00 00 00 00 00 00 00 00 00 00 00 00 00 00 00 00 00 00 00 00 00 00 00 00 00 00 00 00 00 00 00 00 00 00 00 00 00 00 00 00 00 00 00 00 00 00 00 00 00 00 00 00 00 00 00 00 00 00 00 00 00 00 00 00 00 00 00 00 00 00 00 00 00 00 00 00 00 00 00 00 00 00 00 00 00 00 00 00 00 00 00 00 00 00 00 00 00 00 00 00 00 00 00 00 00 00 00 00 00 00 00 00 00 00 00 00 00 00 00 00 00 00 00 00 00 00 00 00 00 00 00 00 00 00 00 00 00 00 00 00 00 00 00 00 00 00 00 00 00 00 00 00 00 00 00 00 00 00 00 00 00 00 00 00 00 00 00 00 00 86 00 81 08
// 11 : DATA
88 33 04 00 00 00 04 00 81 08
// 12 : PRNT
88 33 02 00 04 00 01 13 E4 7F 7D 01 81 08
// 13 : INQY
88 33 0F 00 00 00 0F 00 81 06
// 14 : INQY
88 33 0F 00 00 00 0F 00 81 06
// 15 : INQY
88 33 0F 00 00 00 0F 00 81 06
// 16 : INQY
88 33 0F 00 00 00 0F 00 81 06
// 17 : INQY
88 33 0F 00 00 00 0F 00 81 06
// 18 : INQY
88 33 0F 00 00 00 0F 00 81 06
// 19 : INQY
88 33 0F 00 00 00 0F 00 81 06
// 20 : INQY
88 33 0F 00 00 00 0F 00 81 06
// 21 : INQY
88 33 0F 00 00 00 0F 00 81 06
// 22 : INQY
88 33 0F 00 00 00 0F 00 81 06
// 23 : INQY
88 33 0F 00 00 00 0F 00 81 06
// 24 : INQY
88 33 0F 00 00 00 0F 00 81 06
// 25 : INQY
88 33 0F 00 00 00 0F 00 81 06
// 26 : INQY
88 33 0F 00 00 00 0F 00 81 06
// 27 : INQY
88 33 0F 00 00 00 0F 00 81 06
// 28 : INQY
88 33 0F 00 00 00 0F 00 81 06
// 29 : INQY
88 33 0F 00 00 00 0F 00 81 06
// 30 : INQY
88 33 0F 00 00 00 0F 00 81 06
// 31 : INQY
88 33 0F 00 00 00 0F 00 81 06
// 32 : INQY
88 33 0F 00 00 00 0F 00 81 06
// 33 : INQY
88 33 0F 00 00 00 0F 00 81 06
// 34 : INQY
88 33 0F 00 00 00 0F 00 81 06
// 35 : INQY
88 33 0F 00 00 00 0F 00 81 06
// 36 : INQY
88 33 0F 00 00 00 0F 00 40 83
// 37 : INQY
88 33 0F 00 00 00 0F 00 81 06
// 38 : INQY
88 33 0F 00 00 00 0F 00 81 06
// 39 : INQY
88 33 0F 00 00 00 0F 00 81 06
// 40 : INQY
88 33 0F 00 00 00 0F 00 81 06
// 41 : INQY
88 33 0F 00 00 00 0F 00 81 06
// 42 : INQY
88 33 0F 00 00 00 0F 00 81 06
// 43 : INQY
88 33 0F 00 00 00 0F 00 81 06
// 44 : INQY
88 33 0F 00 00 00 0F 00 81 06
// 45 : INQY
88 33 0F 00 00 00 0F 00 81 06
// 46 : INQY
88 33 0F 00 00 00 0F 00 81 06
// 47 : INQY
88 33 0F 00 00 00 0F 00 81 06
// 48 : INQY
88 33 0F 00 00 00 0F 00 81 06
// 49 : INQY
88 33 0F 00 00 00 0F 00 81 06
// 50 : INQY
88 33 0F 00 00 00 0F 00 81 06
// 51 : INQY
88 33 0F 00 00 00 0F 00 81 06
// 52 : INQY
88 33 0F 00 00 00 0F 00 81 06
// 53 : INQY
88 33 0F 00 00 00 0F 00 81 06
// 54 : INQY
88 33 0F 00 00 00 0F 00 81 06
// 55 : INQY
88 33 0F 00 00 00 0F 00 81 06
// 56 : INQY
88 33 0F 00 00 00 0F 00 81 06
// 57 : INQY
88 33 0F 00 00 00 0F 00 81 06
// 58 : INQY
88 33 0F 00 00 00 0F 00 81 06
// 59 : INQY
88 33 0F 00 00 00 0F 00 81 06
// 60 : INQY
88 33 0F 00 00 00 0F 00 81 06
// 61 : INQY
88 33 0F 00 00 00 0F 00 81 06
// 62 : INQY
88 33 0F 00 00 00 0F 00 81 06
// 63 : INQY
88 33 0F 00 00 00 0F 00 81 06
// 64 : INQY
88 33 0F 00 00 00 0F 00 81 06
// 65 : INQY
88 33 0F 00 00 00 0F 00 81 06
// 66 : INQY
88 33 0F 00 00 00 0F 00 81 06
// 67 : INQY
88 33 0F 00 00 00 0F 00 81 06
// 68 : INQY
88 33 0F 00 00 00 0F 00 81 06
// 69 : INQY
88 33 0F 00 00 00 0F 00 81 06
// 70 : INQY
88 33 0F 00 00 00 0F 00 81 06
// 71 : INQY
88 33 0F 00 00 00 0F 00 81 06
// 72 : INQY
88 33 0F 00 00 00 0F 00 81 06
// 73 : INQY
88 33 0F 00 00 00 0F 00 81 06
// 74 : INQY
88 33 0F 00 00 00 0F 00 81 06
// 75 : INQY
88 33 0F 00 00 00 0F 00 81 06
// 76 : INQY
88 33 0F 00 00 00 0F 00 81 06
// 77 : INQY
88 33 0F 00 00 00 0F 00 81 06
// 78 : INQY
88 33 0F 00 00 00 0F 00 81 06
// 79 : INQY
88 33 0F 00 00 00 0F 00 81 06
// 80 : INQY
88 33 0F 00 00 00 0F 00 81 06
// 81 : INQY
88 33 0F 00 00 00 0F 00 81 06
// 82 : INQY
88 33 0F 00 00 00 0F 00 81 06
// 83 : INQY
88 33 0F 00 00 00 0F 00 81 06
// 84 : INQY
88 33 0F 00 00 00 0F 00 81 06
// 85 : INQY
88 33 0F 00 00 00 0F 00 81 06
// 86 : INQY
88 33 0F 00 00 00 0F 00 81 06
// 87 : INQY
88 33 0F 00 00 00 0F 00 81 06
// 88 : INQY
88 33 0F 00 00 00 0F 00 81 06
// 89 : INQY
88 33 0F 00 00 00 0F 00 81 06
// 90 : INQY
88 33 0F 00 00 00 0F 00 81 06
// 91 : INQY
88 33 0F 00 00 00 0F 00 81 06
// 92 : INQY
88 33 0F 00 00 00 0F 00 81 06
// 93 : INQY
88 33 0F 00 00 00 0F 00 81 06
// 94 : INQY
88 33 0F 00 00 00 0F 00 81 06
// 95 : INQY
88 33 0F 00 00 00 0F 00 81 06
// 96 : INQY
88 33 0F 00 00 00 0F 00 81 06
// 97 : INQY
88 33 0F 00 00 00 0F 00 81 06
// 98 : INQY
88 33 0F 00 00 00 0F 00 81 06
// 99 : INQY
88 33 0F 00 00 00 0F 00 81 06
// 100 : INQY
88 33 0F 00 00 00 0F 00 81 06
// 101 : INQY
88 33 0F 00 00 00 0F 00 81 06
// 102 : INQY
88 33 0F 00 00 00 0F 00 81 06
// 103 : INQY
88 33 0F 00 00 00 0F 00 81 06
// 104 : INQY
88 33 0F 00 00 00 0F 00 81 06
// 105 : INQY
88 33 0F 00 00 00 0F 00 81 06
// 106 : INQY
88 33 0F 00 00 00 0F 00 81 06
// 107 : INQY
88 33 0F 00 00 00 0F 00 81 06
// 108 : INQY
88 33 0F 00 00 00 0F 00 81 06
// 109 : INQY
88 33 0F 00 00 00 0F 00 81 06
// 110 : INQY
88 33 0F 00 00 00 0F 00 81 06
// 111 : INQY
88 33 0F 00 00 00 0F 00 81 06
// 112 : INQY
88 33 0F 00 00 00 0F 00 81 06
// 113 : INQY
88 33 0F 00 00 00 0F 00 81 06
// 114 : INQY
88 33 0F 00 00 00 0F 00 81 06
// 115 : INQY
88 33 0F 00 00 00 0F 00 81 06
// 116 : INQY
88 33 0F 00 00 00 0F 00 81 06
// 117 : INQY
88 33 0F 00 00 00 0F 00 81 06
// 118 : INQY
88 33 0F 00 00 00 0F 00 81 06
// 119 : INQY
88 33 0F 00 00 00 0F 00 81 06
// 120 : INQY
88 33 0F 00 00 00 0F 00 81 06
// 121 : INQY
88 33 0F 00 00 00 0F 00 81 06
// 122 : INQY
88 33 0F 00 00 00 0F 00 81 06
// 123 : INQY
88 33 0F 00 00 00 0F 00 81 06
// 124 : INQY
88 33 0F 00 00 00 0F 00 81 06
// 125 : INQY
88 33 0F 00 00 00 0F 00 81 06
// 126 : INQY
88 33 0F 00 00 00 0F 00 81 06
// 127 : INQY
88 33 0F 00 00 00 0F 00 81 06
// 128 : INQY
88 33 0F 00 00 00 0F 00 81 06
// 129 : INQY
88 33 0F 00 00 00 0F 00 81 06
// 130 : INQY
88 33 0F 00 00 00 0F 00 81 06
// 131 : INQY
88 33 0F 00 00 00 0F 00 81 06
// 132 : INQY
88 33 0F 00 00 00 0F 00 81 06
// 133 : INQY
88 33 0F 00 00 00 0F 00 81 06
// 134 : INQY
88 33 0F 00 00 00 0F 00 81 06
// 135 : INQY
88 33 0F 00 00 00 0F 00 81 06
// 136 : INQY
88 33 0F 00 00 00 0F 00 81 06
// 137 : INQY
88 33 0F 00 00 00 0F 00 81 06
// 138 : INQY
88 33 0F 00 00 00 0F 00 81 06
// 139 : INQY
88 33 0F 00 00 00 0F 00 81 06
// 140 : INQY
88 33 0F 00 00 00 0F 00 81 06
// 141 : INQY
88 33 0F 00 00 00 0F 00 81 06
// 142 : INQY
88 33 0F 00 00 00 0F 00 81 06
// 143 : INQY
88 33 0F 00 00 00 0F 00 81 06
// 144 : INQY
88 33 0F 00 00 00 0F 00 81 06
// 145 : INQY
88 33 0F 00 00 00 0F 00 81 06
// 146 : INQY
88 33 0F 00 00 00 0F 00 81 06
// 147 : INQY
88 33 0F 00 00 00 0F 00 81 06
// 148 : INQY
88 33 0F 00 00 00 0F 00 81 06
// 149 : INQY
88 33 0F 00 00 00 0F 00 81 06
// 150 : INQY
88 33 0F 00 00 00 0F 00 81 06
// 151 : INQY
88 33 0F 00 00 00 0F 00 81 06
// 152 : INQY
88 33 0F 00 00 00 0F 00 81 06
// 153 : INQY
88 33 0F 00 00 00 0F 00 81 06
// 154 : INQY
88 33 0F 00 00 00 0F 00 81 04
// 155 : INQY
88 33 0F 00 00 00 0F 00 81 04
// 156 : INQY
88 33 0F 00 00 00 0F 00 81 04
// 157 : INQY
88 33 0F 00 00 00 0F 00 81 04
// 158 : INQY
88 33 0F 00 00 00 0F 00 81 04
// 159 : INQY
88 33 0F 00 00 00 0F 00 81 04
// 160 : INQY
88 33 0F 00 00 00 0F 00 81 04
// 161 : INQY
88 33 0F 00 00 00 0F 00 81 04
// 162 : INQY
88 33 0F 00 00 00 0F 00 81 04
// 163 : INQY
88 33 0F 00 00 00 0F 00 81 04
// 164 : INQY
88 33 0F 00 00 00 0F 00 81 04
